1.60184
4.36205
1.41977
4.58705
2.10165
4.36205
1.40093
4.50519
1.60184
4.18737
1.39285
4.4458
1.50087
4.27348
1.33093
4.49235
1.96534
4.36205
1.32016
4.52766
1.46553
4.18737
1.32286
4.42654
1.50087
4.05451
1.3067
4.34147
1.50087
3.94871
1.29594
4.24196
1.50087
3.83871
1.29594
4.14725
1.46553
3.65037
1.28786
3.96588
1.46553
3.54623
1.29055
3.8166
1.46553
3.43184
1.29055
3.66412
1.35974
3.43337
1.2044
3.64646
1.34997
3.54634
1.19094
3.79092
1.35648
3.65213
1.18825
3.94501
1.38981
3.83871
1.16941
4.12639
1.30398
3.94871
1.18556
4.23072
1.31913
4.05451
1.19902
4.32382
1.31913
4.18737
1.19633
4.42012
1.31913
4.27348
1.2071
4.49877
1.26359
4.05451
1.10211
4.31419
1.24845
3.94871
1.10211
4.22269
1.29388
3.83871
1.09941
4.12639
1.18787
3.83871
1.07249
4.0975
1.0869
3.83871
0.991729
4.07824
1.27183
3.65213
1.0698
3.94501
1.16767
3.65037
1.01327
3.92736
1.08185
3.65037
0.964808
3.9097
1.03641
3.65037
0.927119
3.88883
1.28379
3.52851
1.07518
3.79895
1.17777
3.53072
1.00788
3.78932
1.08185
3.54623
0.9675
3.75721
1.04146
3.54623
0.921735
3.74919
0.955634
3.54623
0.921735
3.70264
1.28884
3.43184
1.06442
3.64486
1.17272
3.43184
1.00519
3.62881
1.0768
3.43184
0.959424
3.60794
0.960682
3.44536
0.916351
3.57263
1.5968
4.05697
1.39554
4.3495
1.5766
3.95855
1.38477
4.25801
1.58165
3.84758
1.37131
4.15849
1.5766
3.64594
1.36324
3.96588
1.59175
3.53737
1.36324
3.82302
1.5766
3.42411
1.39824
3.67054
1.66747
4.36205
1.52207
4.57261
2.22786
4.35467
1.50323
4.53087
1.60184
4.28332
1.50323
4.48914
1.68262
4.17752
1.49515
4.43778
1.69777
4.05943
1.48977
4.34468
1.67252
3.94625
1.48438
4.24998
1.68262
3.85422
1.48438
4.13923
1.67252
3.64151
1.48169
3.96427
1.66243
3.53959
1.48707
3.81179
1.67252
3.43764
1.49246
3.6593
1.81893
3.4357
1.62437
3.67054
1.81388
3.53294
1.61629
3.83265
1.78359
3.64816
1.60283
3.96588
1.78359
3.84314
1.59476
4.15207
1.77854
3.95855
1.60014
4.24517
1.77854
4.05451
1.60283
4.34468
1.79874
4.18244
1.60822
4.43457
1.69272
4.28332
1.62168
4.48272
2.34398
4.36697
1.63514
4.52766
1.82398
4.36205
1.65398
4.55977
1.81893
4.28332
1.77244
4.48754
1.93505
4.18244
1.7509
4.41852
1.9199
4.06681
1.74551
4.32863
1.9199
3.96101
1.74282
4.24035
1.90476
3.85201
1.74282
4.14404
1.92495
3.66145
1.75628
3.96748
1.91485
3.53737
1.76974
3.82623
1.9199
3.4357
1.75359
3.66893
2.02592
3.45502
1.8882
3.66733
2.03602
3.5551
1.90435
3.81339
2.04611
3.67032
1.90973
3.95625
2.18242
3.67475
2.07126
3.94822
2.16223
3.57282
2.06587
3.8166
2.17233
3.46468
2.05511
3.66091
2.22281
3.85865
2.07395
4.12639
2.03602
3.84979
1.89089
4.12639
2.04611
3.95609
1.88281
4.24196
2.04611
4.06435
1.89089
4.32382
2.09155
4.19229
1.90435
4.41691
1.97543
4.2784
1.90435
4.4763
2.0966
4.27102
2.0578
4.48914
2.22786
4.19229
2.07126
4.42975
2.23291
4.06435
2.07126
4.32542
2.23291
3.95855
2.07395
4.23233
2.26825
3.44536
2.1924
3.66572
2.28844
3.55953
2.20048
3.82302
2.30864
3.68583
2.20317
3.96427
2.31873
3.86087
2.21932
4.11515
2.31873
3.96593
2.22471
4.21627
2.33893
4.06927
2.23009
4.30295
2.34398
4.18983
2.21932
4.41691
2.23291
4.27348
2.22202
4.46185
2.47019
4.34975
2.38085
4.52766
2.44495
4.27594
2.35931
4.46185
2.44495
4.20459
2.37546
4.41691
2.45
4.08157
2.38623
4.30295
2.4399
3.96839
2.3647
4.22269
2.4197
3.85644
2.38623
4.12639
2.4298
3.70798
2.38354
3.96748
2.39446
3.57726
2.35393
3.82623
2.36417
3.4415
2.32431
3.67214
2.66708
4.42356
2.59622
4.49396
2.63174
4.35467
2.59083
4.45704
2.66708
4.28086
2.59083
4.42173
2.66708
4.20951
2.59083
4.37357
2.64184
4.07419
2.60429
4.26764
2.62669
3.98069
2.60429
4.18738
2.63174
3.8653
2.59891
4.08145
2.60145
3.70577
2.57468
3.95143
2.5964
3.59055
2.57468
3.82623
2.58126
3.46385
2.55853
3.68819
2.74281
4.43832
2.72005
4.47791
2.74281
4.41372
2.72005
4.44099
2.74281
4.35467
2.72544
4.40728
2.74281
4.21197
2.7389
4.36234
2.74281
4.08649
2.74697
4.26282
2.74281
3.99546
2.76851
4.17615
2.74281
3.88524
2.76313
4.08626
2.74281
3.70798
2.76313
3.94341
2.74281
3.58612
2.76313
3.82944
2.74281
3.47234
2.79274
3.6898
2.74281
4.28332
2.87619
4.41049
2.85892
4.20951
2.89235
4.37197
2.82359
4.09633
2.89504
4.25801
2.85892
3.97823
2.92196
4.17133
2.86902
3.85644
2.9408
4.08626
2.87912
3.72793
2.94888
3.95464
2.88417
3.59277
2.94619
3.82944
2.89426
3.48083
2.98119
3.69141
3.01038
3.47375
3.15617
3.71709
3.02553
3.59277
3.17771
3.83907
3.03057
3.70798
3.15617
3.97711
3.00533
3.87195
3.14002
4.0991
3.01543
3.98561
3.1454
4.18417
3.01543
4.08403
3.13733
4.25801
3.01543
4.22181
3.10771
4.3511
2.85388
4.28578
3.09156
4.40728
3.00533
4.29808
3.25039
4.40407
3.16184
4.20951
3.25847
4.35271
3.15679
4.08157
3.2827
4.26443
3.16688
3.98315
3.30424
4.18417
3.17193
3.88524
3.3177
4.10392
3.15679
3.70355
3.32308
3.99637
3.17193
3.5972
3.33654
3.85352
3.15174
3.478
3.34462
3.74116
3.13154
3.31207
3.32039
3.563
3.30319
3.478
3.46845
3.73153
3.32844
3.30821
3.46845
3.56942
3.30824
3.59055
3.47115
3.85673
3.32844
3.72571
3.47653
3.98032
3.32844
3.8786
3.46576
4.0991
3.31329
3.97085
3.46576
4.18096
3.2931
4.08157
3.44423
4.2548
3.283
4.21197
3.40384
4.35271
3.15174
4.28824
3.40384
4.40086
3.4395
3.48224
3.60844
3.73956
3.42941
3.314
3.60037
3.57905
3.02048
3.3198
3.16156
3.53731
2.88417
3.31787
3.00272
3.51003
2.74281
3.30821
2.81428
3.49719
2.58631
3.29469
2.59083
3.48916
3.53543
3.30241
3.72151
3.57102
3.63135
3.30628
3.81843
3.563
3.60611
3.47093
3.81035
3.73956
3.52028
3.47517
3.71343
3.74598
3.54047
3.58612
3.71882
3.86155
3.63135
3.57504
3.81573
3.84871
3.42436
3.58612
3.6219
3.86155
3.44455
3.72128
3.62729
3.9723
3.53543
3.7102
3.73228
3.9739
3.60106
3.70577
3.80227
3.96106
3.43446
3.86309
3.63267
4.11194
3.52028
3.86087
3.71613
4.09108
3.6263
3.86309
3.81843
4.09589
3.43446
3.97085
3.61383
4.19059
3.52533
3.96101
3.71613
4.17294
3.6263
3.95855
3.79689
4.17294
3.41931
4.07911
3.60306
4.2564
3.51523
4.07173
3.71882
4.24356
3.74242
3.8365
3.87266
4.07985
3.80805
3.82763
3.95078
4.06055
3.73232
3.68583
3.91421
3.95923
3.81814
3.67253
3.99067
3.9327
3.88882
3.67253
4.04552
3.90616
3.81814
3.57726
3.92751
3.8555
3.74746
3.56839
3.99234
3.84103
3.88377
3.57282
4.04885
3.81208
3.74746
3.45537
3.94413
3.73488
3.83834
3.45678
3.99898
3.71317
3.9797
3.44688
4.05716
3.6987
3.75251
3.30048
3.95909
3.5636
3.82824
3.30241
4.01228
3.5636
3.89387
3.29662
4.0555
3.53224
3.90902
3.15495
4.0904
3.36337
3.82824
3.15376
4.03389
3.38026
3.75251
3.1585
3.97738
3.40438
3.89387
3.01565
4.08209
3.22104
3.82824
3.02031
4.03555
3.24516
3.73232
3.02732
3.98569
3.25964
3.63135
3.16324
3.85105
3.40438
3.53038
3.16679
3.74301
3.41162
3.4496
3.17507
3.63996
3.42851
3.30824
3.17981
3.47208
3.42609
3.14669
3.18691
3.31584
3.42127
3.03562
3.17981
3.16458
3.39956
2.91446
3.18691
3.00335
3.37061
2.74281
3.16679
2.79724
3.33442
2.58126
3.14785
2.61108
3.30306
2.58126
3.02031
2.61773
3.16073
2.74281
3.04599
2.7989
3.17762
2.90436
3.06816
3.00501
3.2331
3.00533
3.07399
3.16126
3.25723
3.15174
3.07983
3.3308
3.28135
3.2931
3.07866
3.47707
3.27894
3.45465
3.07399
3.6599
3.28618
3.52533
3.06116
3.75132
3.27894
3.6162
3.04599
3.85604
3.25723
3.97465
2.81979
4.08043
3.00151
3.82824
2.84505
4.03223
3.02805
3.73737
2.86021
3.99566
3.05458
3.6263
2.87032
3.84606
3.05458
3.52533
2.87537
3.76961
3.057
3.45465
2.88211
3.68151
3.06423
3.29815
2.89558
3.47707
3.05458
3.16184
2.89221
3.35739
3.03529
3.04067
2.89221
3.20447
3.02081
2.85892
2.90737
2.98174
3.02081
2.74281
2.88211
2.80389
2.9798
2.58126
2.83495
2.6144
2.91708
2.35407
3.28503
2.32262
3.4711
2.2531
3.27537
2.18127
3.46547
2.14708
3.2831
2.06533
3.43166
2.01582
3.27923
1.89856
3.43166
1.92495
3.26764
1.75403
3.45138
1.79874
3.26957
1.62856
3.4542
1.66747
3.26957
1.49673
3.43448
1.58165
3.26764
1.39509
3.43448
1.48573
3.26957
1.29185
3.42321
1.36299
3.26303
1.18385
3.39504
1.28884
3.26378
1.06314
3.40631
1.18787
3.26185
1.0012
3.40631
1.09699
3.26378
0.951966
3.38659
1.02126
3.26378
0.899554
3.38096
0.945537
3.26378
0.872554
3.33588
2.34902
3.11707
2.31786
3.23501
2.24805
3.11233
2.18127
3.21661
2.12184
3.10523
2.06691
3.1837
2.00573
3.09931
1.91444
3.18757
1.89466
3.09813
1.75562
3.20596
1.77349
3.08866
1.61903
3.18951
1.67252
3.08866
1.49991
3.18176
1.5766
3.078
1.35379
3.18176
1.48068
3.07327
1.25691
3.18176
1.3402
3.06758
1.15526
3.15756
1.25555
3.06041
1.02661
3.15756
1.17416
3.05861
0.971025
3.14691
1.09927
3.04606
0.924966
3.13045
1.01788
3.04606
0.867789
3.10722
0.933225
3.04606
0.839201
3.07721
2.24301
2.95963
2.1765
3.03171
2.33893
2.98414
2.34803
3.06462
2.14204
2.94913
2.07962
2.98234
2.00573
2.94213
1.92556
2.97943
1.88961
2.93513
1.76515
2.98621
1.78359
2.92229
1.63332
2.98621
1.65738
2.91296
1.50626
2.9591
1.57155
2.90712
1.37444
2.96975
1.46049
2.90362
1.25056
2.95813
1.34346
2.90262
1.17273
2.93684
1.26532
2.88289
1.03614
2.94168
1.19695
2.87213
0.985319
2.93006
1.10578
2.86675
0.940849
2.90876
1.01136
2.86496
0.88526
2.89811
0.949504
2.85241
0.851907
2.87585
2.34902
2.80126
2.34168
2.82846
2.24805
2.78442
2.19397
2.77691
2.13699
2.76589
2.09233
2.74009
2.02087
2.75242
1.94144
2.72045
1.88961
2.7541
1.78421
2.7229
1.77349
2.74736
1.65238
2.71799
1.65233
2.74063
1.51738
2.70081
1.56146
2.73221
1.36967
2.71309
1.47058
2.7221
1.26009
2.70327
1.35322
2.71613
1.18226
2.67135
1.28884
2.70694
1.0552
2.68363
1.19291
2.70189
0.951966
2.66644
1.11214
2.69347
0.897966
2.66644
1.02631
2.68336
0.856672
2.66644
2.36417
2.68504
2.36074
2.66082
2.23796
2.64294
2.2305
2.60035
2.13699
2.63452
2.09391
2.55499
1.99563
2.62946
1.95891
2.53916
1.90476
2.62441
1.79056
2.54707
1.78359
2.62104
1.63174
2.53196
1.65233
2.61936
1.53009
2.52404
1.55641
2.61767
1.3665
2.53556
1.46553
2.59409
1.26803
2.52404
1.35322
2.59779
1.15367
2.51612
1.28884
2.59409
1.03614
2.52332
1.18787
2.59409
0.94879
2.52188
1.0869
2.57556
0.869377
2.5118
2.60145
2.52856
2.64821
2.49884
2.40961
2.49414
2.44809
2.42685
2.2733
2.48124
2.26703
2.38581
2.13194
2.46618
2.12568
2.33686
2.02592
2.45973
1.99068
2.32318
1.90476
2.45543
1.83027
2.30302
1.78864
2.45973
1.68574
2.30302
1.66243
2.46403
1.55391
2.30158
1.56146
2.46188
1.37444
2.34118
1.46049
2.46403
1.28232
2.31238
1.34671
2.45076
1.17909
2.32174
1.28884
2.45327
1.05679
2.3347
1.17272
2.44682
0.937672
2.33398
1.09194
2.43176
0.856672
2.33398
2.62669
2.16382
2.68633
2.12833
2.4399
2.15831
2.51162
2.06712
2.31873
2.16015
2.35598
2.04445
2.18747
2.16749
2.20827
2.03084
2.06631
2.18035
2.05103
2.01271
1.9199
2.18769
1.89062
2.01271
1.77854
2.18035
1.67303
2.00364
1.64728
2.17851
1.48721
2.00591
1.56146
2.16566
1.4062
1.98097
1.46553
2.16199
1.25691
1.98777
1.34437
2.14546
1.14414
1.96283
1.2535
2.14179
1.07108
1.9719
1.17272
2.14179
1.00597
1.99457
1.09699
2.13261
0.915437
1.99457
1.02126
2.13444
0.85826
2.00137
0.955634
2.12343
0.815377
2.02631
2.43474
2.03909
2.52751
1.94016
2.63255
2.04942
2.7038
1.97417
2.31675
2.03466
2.37662
1.91296
2.20569
2.04647
2.23209
1.89709
2.06299
2.04965
2.07168
1.87668
1.93602
2.05364
1.9065
1.86308
1.77648
2.05264
1.67621
1.85855
1.6495
2.05564
1.52215
1.84041
1.53881
2.04265
1.37762
1.83814
1.46392
2.04965
1.24579
1.84494
1.34671
2.04265
1.14414
1.83588
1.16764
2.03366
1.00279
1.86308
1.25881
2.03765
1.07426
1.85401
1.46392
1.91972
1.13144
1.72252
1.34997
1.92272
1.07108
1.72252
1.26532
1.92272
1.01232
1.74746
1.0895
2.03166
0.893201
1.86761
1.02764
2.02566
0.842377
1.89482
0.933225
2.02766
0.801083
1.90615
1.96532
1.92472
1.68574
1.69758
1.76997
1.92672
1.5015
1.69758
1.64299
1.91972
1.37126
1.70892
1.52904
1.91673
1.24738
1.71345
1.78299
1.74083
1.69368
1.53209
1.6495
1.73384
1.5015
1.51849
1.53881
1.72784
1.38079
1.51849
1.46392
1.73284
1.23785
1.53209
1.34346
1.73784
1.10761
1.52529
1.25555
1.74383
1.05679
1.54342
1.17416
1.74383
0.990084
1.57516
1.07648
1.74383
0.893201
1.58196
0.985318
1.74083
0.850319
1.60917
1.1709
1.93072
0.899554
1.7656
1.06671
1.92772
0.850319
1.7656
0.995085
1.92072
0.797906
1.79507
1.79276
1.6169
1.70162
1.41647
1.64625
1.62191
1.50944
1.4006
1.53881
1.60855
1.37444
1.38926
1.46392
1.61022
1.24579
1.4074
1.3402
1.60855
1.12667
1.38926
1.25229
1.60354
1.05679
1.42554
1.16764
1.60521
0.988496
1.4346
1.06671
1.60855
0.891613
1.43687
0.991829
1.62191
0.845554
1.48448
0.91369
1.63026
0.796318
1.52302
0.920202
1.75183
0.802671
1.64771
2.80532
1.92772
2.70857
1.82907
2.62625
1.92772
2.53227
1.80187
2.43416
1.91773
2.3798
1.7792
2.3202
1.92172
2.25115
1.7724
2.22904
1.92472
2.07803
1.74746
2.09881
1.91673
1.91603
1.74066
2.64904
1.75982
2.72286
1.65224
2.45369
1.75083
2.53068
1.6205
2.3495
1.73584
2.39568
1.59103
2.24532
1.73884
2.25592
1.59103
2.09881
1.73384
2.07962
1.56156
1.96532
1.73684
1.91444
1.54796
1.96532
1.61356
1.92238
1.42327
2.09881
1.60855
2.08597
1.43687
2.23555
1.60521
2.25433
1.45954
2.33974
1.60855
2.39886
1.45727
2.45043
1.61189
2.54498
1.48901
2.6295
1.62024
2.73874
1.50262
2.65555
1.46659
2.73557
1.34392
2.4602
1.46659
2.55451
1.34392
2.35276
1.46659
2.40998
1.33259
2.24532
1.46659
2.28292
1.33259
2.09881
1.48162
2.10344
1.30765
1.96532
1.49164
1.91603
1.31218
1.79927
1.50166
1.70162
1.30991
1.63648
1.51001
1.51421
1.29858
1.52904
1.49832
1.36967
1.29858
1.42485
1.4883
1.23467
1.26911
1.31741
1.48162
1.1235
1.28044
1.24578
1.46659
1.06156
1.29178
1.1709
1.46659
0.996437
1.31445
1.0602
1.46659
0.907495
1.33712
0.982062
1.49999
0.856672
1.35752
0.884388
1.52003
0.809024
1.38246
2.75322
1.32796
2.72445
1.20336
2.65555
1.34133
2.55927
1.20109
2.45695
1.32295
2.40362
1.18069
2.3495
1.32964
2.27656
1.18976
2.23555
1.32128
2.08756
1.15802
2.09881
1.32295
1.92715
1.16255
1.96532
1.32964
1.69368
1.16255
1.79602
1.34133
1.49832
1.14215
1.6495
1.34133
1.37444
1.13988
1.52578
1.34801
1.23467
1.14442
1.43462
1.33465
1.13144
1.13762
1.34346
1.33298
1.07903
1.15575
1.24904
1.32629
0.993261
1.18069
1.16113
1.33131
0.888436
1.19203
1.05695
1.33966
0.84873
1.22377
0.985318
1.32964
0.79473
1.23737
2.64904
1.16763
2.71968
1.0288
2.64253
1.06523
2.72286
0.944916
2.62299
0.952572
2.72763
0.829295
2.6295
0.882903
2.72445
0.777152
2.6295
0.813234
2.71174
0.706873
2.60671
0.709472
2.71651
0.627525
2.45695
1.17264
2.5418
1.03787
2.4602
1.06523
2.54021
0.951717
2.46671
0.948125
2.53704
0.836096
2.46346
0.871045
2.52115
0.779419
2.43741
0.796929
2.51798
0.722742
2.45369
0.705025
2.52274
0.645662
2.45369
0.577546
2.50686
0.57765
2.43741
0.528629
2.48621
0.532308
2.36578
1.17598
2.39092
1.03106
2.35927
1.06671
2.38298
0.93358
2.35276
0.933302
2.38298
0.851966
2.35602
0.862151
2.38298
0.78622
2.35602
0.790999
2.36868
0.72501
2.36578
0.690202
2.36868
0.659264
2.33322
0.633874
2.35756
0.598053
2.34009
0.536842
2.34009
0.536842
2.25183
1.17431
2.2448
1.0288
2.26485
1.06968
2.2448
0.94945
2.25183
0.940714
2.24321
0.84063
2.2616
0.86808
2.24321
0.790755
2.25509
0.796929
2.2305
0.731811
2.24206
0.699096
2.21939
0.661532
2.24857
0.642768
2.20033
0.611656
2.24857
0.584957
2.1908
0.582184
2.24857
0.5227
2.17492
0.543644
2.09881
1.17598
2.07486
1.01973
2.09881
1.0756
2.07009
0.924512
2.13462
0.948125
2.06215
0.833829
2.13462
0.86808
2.05262
0.765817
2.13462
0.80434
2.04468
0.711407
2.12811
0.696131
2.03515
0.634327
1.96532
1.18433
1.89697
1.00386
1.96532
1.08005
1.88585
0.924512
1.96532
0.942196
1.87474
0.836096
1.96532
0.874009
1.85568
0.788488
1.96532
0.805823
1.83662
0.731811
1.96532
0.713919
1.83027
0.666066
1.78625
1.19269
1.66827
1.00159
1.76997
1.08895
1.6635
0.913177
1.77974
0.957019
1.6635
0.84063
1.78625
0.88735
1.64127
0.779419
1.77974
0.813234
1.62538
0.729544
1.78299
0.706507
1.61744
0.659264
1.66578
1.19269
1.49991
0.981189
1.67881
1.09636
1.49832
0.906375
1.66578
0.973324
1.49038
0.833829
1.66578
0.894762
1.47768
0.770351
1.66578
0.811752
1.46973
0.715941
1.65602
0.712437
1.46973
0.645662
1.54206
1.19603
1.37444
1.00386
1.55183
1.08746
1.37444
0.93358
1.55183
0.973324
1.36332
0.829295
1.57462
0.893279
1.36173
0.772618
1.57462
0.814717
1.35697
0.718208
1.57788
0.713919
1.35538
0.645662
1.36491
0.609389
1.36491
0.609389
1.38397
0.554979
1.38397
0.554979
1.46392
1.1977
1.2315
1.01973
1.46392
1.09636
1.2315
0.944916
1.46392
0.973324
1.23626
0.8565
1.46392
0.897726
1.23626
0.790755
1.46392
0.80434
1.23626
0.727277
1.46392
0.70799
1.23626
0.659264
1.25056
0.613923
1.25056
0.613923
1.27438
0.554979
1.27438
0.554979
1.35648
1.20605
1.11238
1.01293
1.3402
1.10673
1.11397
0.94945
1.34997
0.973324
1.14414
0.865568
1.36625
0.899209
1.13938
0.808891
1.36625
0.808787
1.13303
0.738612
1.3695
0.719848
1.13303
0.675134
1.13938
0.595786
1.13938
0.595786
1.24578
1.20271
1.0695
1.04013
1.25229
1.10525
1.06632
0.967586
1.26857
0.973324
1.06632
0.870102
1.28485
0.902173
1.06632
0.831562
1.2816
0.813234
1.06314
0.756749
1.28485
0.716884
1.07108
0.663799
1.0822
0.582184
1.0822
0.582184
1.15788
1.20104
0.990084
1.056
1.17416
1.11563
0.990084
0.978922
1.18067
0.973324
1.00279
0.904108
1.18067
0.905138
0.988496
0.827028
1.18067
0.817681
0.980555
0.745413
1.19043
0.721331
0.985319
0.663799
0.985319
0.602588
0.985319
0.602588
1.06671
1.21106
0.883672
1.10361
1.06997
1.12304
0.901142
1.01066
1.08299
0.991112
0.909084
0.944916
1.09927
0.908103
0.909084
0.861034
1.07974
0.825093
0.920201
0.790755
1.06671
0.719848
0.926554
0.684202
0.926554
0.611656
0.926554
0.611656
0.978806
1.22943
0.836024
1.11495
1.01136
1.13638
0.836024
1.022
0.965783
0.914032
0.836024
0.904108
0.842377
0.822494
0.842377
0.822494
0.939736
0.819164
0.845554
0.745413
0.95276
0.716884
0.878907
0.65473
0.933225
1.15268
0.7852
1.0628
0.907178
1.23945
0.789965
1.13988
0.933225
1.01186
0.782024
0.929046
0.780436
0.827028
0.780436
0.827028
0.780436
0.727277
0.780436
0.727277
2.74281
2.71705
2.80746
2.8003
2.88417
2.72042
3.00801
2.78137
3.05582
2.71199
3.19934
2.80737
3.17698
2.71705
3.34355
2.81892
3.29815
2.71705
3.46919
2.8247
3.45465
2.72042
3.6648
2.8738
3.55057
2.72042
3.76617
2.87091
3.6162
2.71705
3.85184
2.85358
3.74746
2.71536
3.98463
2.87669
3.86863
2.69852
4.02461
2.85936
3.83329
2.70357
4.05745
2.85936
4.03523
2.68841
4.1374
2.83047
3.98474
2.68336
4.16453
2.83625
4.08571
2.68336
4.20736
2.83625
2.74281
2.5135
2.83525
2.50695
2.89426
2.49845
3.00659
2.51273
3.04572
2.49199
3.21362
2.53584
3.16688
2.50275
3.35782
2.55317
3.28805
2.49845
3.45777
2.5705
3.44455
2.51135
3.64767
2.59072
3.53543
2.52211
3.73476
2.59938
3.60106
2.53501
3.83471
2.61961
3.83329
2.54147
3.97035
2.63983
3.75251
2.54147
4.01747
2.63694
3.89387
2.54362
4.04888
2.63694
3.86358
2.31989
4.06173
2.40585
3.81309
2.31806
4.01176
2.40874
3.71717
2.2997
3.96464
2.40874
3.62125
2.2997
3.83756
2.38274
3.51523
2.2997
3.73191
2.35963
3.43446
2.28501
3.65481
2.35385
3.2931
2.27399
3.45634
2.29319
3.18708
2.25196
3.33641
2.29319
3.07096
2.24828
3.22076
2.26142
2.95485
2.21891
3.03371
2.2412
2.80339
2.18953
2.86666
2.19498
2.79565
2.06565
2.86666
1.987
2.93794
2.07893
3.03086
2.04188
3.09063
2.09812
3.22932
2.0621
3.19474
2.09959
3.3464
2.08232
3.29538
2.09959
3.43207
2.08521
3.4342
2.11287
3.64338
2.10254
3.54178
2.11582
3.75332
2.14587
3.63548
2.13058
3.8447
2.17187
3.74653
2.12763
3.96035
2.19787
3.8194
2.14534
4.01604
2.20364
3.95128
2.14681
4.06316
2.20364
2.92904
1.93571
2.86952
1.84834
2.77927
1.75782
2.86952
1.64903
2.77602
1.62191
2.85524
1.49593
2.76299
1.46659
2.83525
1.34861
2.84764
1.33298
2.84524
1.20129
2.74671
1.17097
2.84524
1.0222
2.74671
1.07116
2.84524
0.93843
2.72718
0.95109
2.84524
0.85466
3.08532
1.94371
3.02515
1.85412
2.92904
1.76582
3.02086
1.6808
2.88346
1.63527
2.9766
1.51904
2.84764
1.48663
2.9509
1.37461
3.05276
1.35469
2.9509
1.20996
2.84113
1.17932
2.95518
1.04531
2.83136
1.08005
2.95518
0.947096
2.8216
0.959984
2.94376
0.860437
3.1895
1.93871
3.22076
1.86856
3.27416
1.94571
3.32784
1.87145
3.43369
1.9577
3.41065
1.87723
3.51509
1.9647
3.63624
1.91189
3.61276
1.9637
3.76046
1.94367
3.74299
1.96969
3.8547
1.961
3.81462
1.97569
3.97321
1.98411
3.8895
1.97569
4.02746
1.99566
3.95462
1.98469
4.07458
2.02166
3.08532
1.76782
3.22361
1.67503
3.1895
1.76882
3.31499
1.67214
3.28718
1.76882
3.40209
1.6808
3.42067
1.78081
3.56914
1.68658
3.60625
1.7888
3.70478
1.72991
3.7202
1.7978
3.81472
1.74724
3.79834
1.80679
3.91752
1.78768
3.86997
1.81279
4.0346
1.82812
4.02625
1.82478
4.09171
1.8339
3.06578
1.64028
3.21647
1.51326
3.17974
1.65197
3.29643
1.51615
3.28718
1.667
3.38638
1.52482
3.40764
1.67368
3.5106
1.55082
3.50857
1.67869
3.62482
1.57393
3.60299
1.6837
3.7419
1.60859
3.51509
1.7938
3.62911
1.70969
3.07229
1.51001
3.16079
1.37461
3.17322
1.52504
3.22076
1.39194
3.28392
1.53172
3.32356
1.4035
3.40439
1.54675
3.51203
1.42083
3.51183
1.55343
3.57199
1.43238
3.59648
1.55677
3.63482
1.42949
3.72997
1.56846
3.73476
1.47282
3.79509
1.57681
3.82757
1.49882
3.85695
1.59518
3.91609
1.55082
3.95136
1.59685
3.99177
1.56237
4.00997
1.60521
4.07458
1.59703
3.72997
1.68537
3.82186
1.62592
3.8016
1.69539
3.91467
1.66058
3.8895
1.70207
4.00462
1.7068
3.96439
1.71543
4.096
1.73569
3.16997
1.35469
3.15936
1.18974
3.25462
1.37139
3.23503
1.20418
3.40764
1.38642
3.32641
1.2244
3.51509
1.38308
3.50631
1.23018
3.59648
1.38809
3.56628
1.24462
3.71043
1.41648
3.6391
1.25618
3.78206
1.43652
3.72334
1.28218
3.84067
1.44487
3.83756
1.34284
3.92532
1.44654
3.93608
1.3775
3.99369
1.44821
4.00462
1.39483
4.1109
1.46659
4.08315
1.43527
3.03648
1.20939
3.1665
1.03664
3.14392
1.21273
3.24503
1.03664
3.24485
1.21273
3.33355
1.05109
3.02346
1.10525
3.1665
0.941318
3.14067
1.1097
3.24646
0.964427
3.23509
1.11711
3.32784
0.964427
3.01695
0.973324
3.12224
0.863326
3.11462
0.985183
3.24217
0.860437
3.21881
0.986665
3.33926
0.871991
2.73695
0.869562
2.83603
0.785186
2.81183
0.878456
2.94009
0.786729
2.82485
0.814717
2.94009
0.731193
2.73695
0.808787
2.83885
0.723479
2.73043
0.706507
2.83182
0.647888
2.82485
0.70799
2.94993
0.654058
2.98764
0.885868
3.11164
0.7929
2.9616
0.817681
3.09336
0.742763
2.96811
0.70799
3.10742
0.656372
3.09509
0.899209
3.24804
0.793671
3.07881
0.819164
3.22835
0.716537
3.06578
0.709472
3.23539
0.640946
3.16346
0.513806
3.31413
0.518302
3.16997
0.587922
3.32397
0.571525
3.17974
0.651662
3.34085
0.609321
3.16346
0.724295
3.34788
0.651744
3.18625
0.836951
3.3521
0.732735
3.20578
0.909585
3.34507
0.803699
3.38811
1.24613
3.49693
1.04626
3.47927
1.25615
3.55037
1.08175
3.55416
1.26784
3.62771
1.10035
3.70067
1.2645
3.70786
1.11133
3.76904
1.27452
3.76973
1.13077
3.36532
1.14527
3.46178
0.966817
3.47602
1.14379
3.55599
0.972733
3.55416
1.1512
3.64036
0.990481
3.67462
1.16751
3.70786
1.02513
3.7495
1.16306
3.7641
1.02936
3.8309
1.17937
3.81332
1.0471
3.91881
1.18826
3.88644
1.06485
3.98392
1.18381
3.96097
1.06739
3.35229
1.00742
3.46178
0.88146
3.44671
1.01186
3.52506
0.889066
3.5216
1.01779
3.59958
0.911884
3.66485
1.02076
3.68395
0.920336
3.72346
1.03706
3.79223
0.918645
3.82113
1.05337
3.86113
0.933012
3.91555
1.05633
3.98347
0.954986
3.98718
1.05485
4.05518
0.979494
3.33927
0.924408
3.52224
0.822301
3.4402
0.928855
3.58974
0.829908
3.52485
0.939231
3.69942
0.840894
3.67136
0.94516
3.78941
0.837514
3.74299
0.95109
3.85691
0.84512
3.81788
0.962948
3.93847
0.849345
3.91229
0.973324
4.01721
0.87977
4.05881
0.973324
4.09736
0.900898
3.35555
0.833987
3.53349
0.767368
3.44346
0.847328
3.58833
0.763988
3.51183
0.853257
3.70786
0.774975
3.32625
0.716884
3.4899
0.654967
3.42718
0.719848
3.56021
0.660883
3.51509
0.72726
3.63052
0.666799
3.64206
0.730224
3.7177
0.671025
3.32625
0.659073
3.51099
0.596654
3.42718
0.66352
3.58833
0.605105
3.50857
0.665003
3.72051
0.622853
3.32299
0.595334
3.50396
0.513832
3.4109
0.593851
3.59818
0.518903
3.50206
0.592369
3.72614
0.529889
3.73648
0.740601
3.81191
0.663418
3.82764
0.740601
3.91035
0.665109
3.92532
0.737636
4.00034
0.682856
3.66485
0.863633
3.79645
0.759762
3.7495
0.869562
3.90331
0.765678
3.82113
0.866598
3.95534
0.778355
3.90578
0.859186
4.01018
0.799483
4.08485
0.857704
4.09596
0.827372
3.83416
1.28287
3.84571
1.16879
3.93509
1.28287
3.93076
1.17114
3.99695
1.29122
4.0128
1.18994
4.05555
1.29289
4.09685
1.21579
3.62904
0.596816
3.8227
0.534346
3.72346
0.596816
3.91775
0.541396
3.64206
0.669449
4.0098
0.593091
2.59135
2.70357
2.62899
2.72652
3.88377
3.81877
4.02227
4.02939
4.01504
3.81656
4.08381
4.00104
3.9595
3.81212
4.13539
3.99159
4.09581
3.80991
4.18878
3.96638
3.9595
3.6681
4.10281
3.87503
4.00494
3.66145
4.14353
3.85298
4.10591
3.66367
4.19421
3.83408
4.03018
3.54623
4.10371
3.74587
3.9595
3.56174
4.15349
3.75217
4.1261
3.54623
4.20055
3.73012
4.08067
3.43274
4.10643
3.67027
4.15639
3.41859
4.1562
3.66396
4.21193
3.41152
4.20055
3.62931
3.95445
3.28889
4.1019
3.50645
4.02513
3.26378
4.15439
3.46235
4.09581
3.23673
4.20779
3.4214
3.97465
3.14311
4.12905
3.35209
4.03018
3.12417
4.15982
3.33949
4.09076
3.10878
4.20417
3.29854
3.9696
2.99931
4.12905
3.20088
4.03018
2.98997
4.16525
3.18513
4.11096
2.98881
4.22046
3.18198
3.89387
2.84
4.12724
3.00872
4.10086
2.808
4.17159
2.99927
4.04028
2.81979
4.21322
2.98667
4.03018
2.54577
4.12272
2.6496
3.97465
2.55653
4.16073
2.6496
4.09076
2.54147
4.20055
2.62125
4.02008
2.33458
4.10733
2.37238
3.9494
2.32173
4.14896
2.37238
4.07057
2.32173
4.18788
2.37238
3.8784
2.14386
4.10371
2.19912
4.01027
2.14681
4.14625
2.20227
4.06233
2.15271
4.18426
2.20227
3.73232
3.94625
3.88808
4.14086
3.7929
3.92164
3.94476
4.12867
3.88882
3.91426
4.00773
4.11342
3.9595
3.90688
4.0707
4.09207
4.03018
3.91672
4.14154
4.0631
4.1261
3.89458
4.19349
4.04175
3.61115
4.05451
3.7826
4.23387
3.72222
4.05451
3.8503
4.22168
3.81309
4.05451
3.92429
4.20795
3.90902
4.05451
4.0219
4.18661
4.00494
4.05451
4.12895
4.15306
3.43446
4.21197
3.58582
4.34518
3.52028
4.20213
3.69759
4.33146
3.59601
4.19721
3.79048
4.32841
3.30319
4.28578
3.5685
4.40617
3.39912
4.27594
3.67398
4.40007
3.48999
4.26856
3.78103
4.3894
3.38902
4.34483
3.56063
4.46411
3.49504
4.34729
3.66611
4.46259
3.58591
4.32515
3.75899
4.46106
3.71717
4.32515
3.844
4.42752
3.60106
4.25872
3.85187
4.37263
3.69193
4.18244
3.85345
4.31164
3.803
4.32515
3.91799
4.42752
3.70203
4.2538
3.91642
4.36653
3.78785
4.16522
3.93059
4.31469
3.89387
4.32515
3.98726
4.41837
3.803
4.24641
3.99513
4.36043
3.88377
4.17998
4.00773
4.28114
4.06552
4.32515
4.06283
4.41685
3.90902
4.24888
4.06283
4.34213
4.00999
4.19475
4.06755
4.26285
4.11096
4.20951
4.12108
4.25065
4.1362
4.26364
4.12108
4.32841
3.97465
4.32515
4.11478
4.41075
4.10591
4.05451
4.19192
4.13324
4.18669
4.21689
4.17145
4.24302
4.00999
4.25626
4.1746
4.32384
4.17154
4.32515
4.16516
4.41685
1.2535
4.18737
1.12075
4.40207
1.17272
4.18737
1.04758
4.38118
1.19291
4.05451
1.04758
4.28447
1.09699
4.05451
0.993014
4.26435
1.17777
3.94871
1.07238
4.19549
1.0869
3.94871
1.01906
4.17538
1.01117
3.94871
0.980612
4.15371
1.26359
4.27348
1.12447
4.48795
1.19291
4.27348
1.07238
4.45777
1.50087
4.36205
1.33282
4.56609
1.34942
4.36205
1.21624
4.5483
1.28379
4.36205
1.13563
4.55139
1.22321
4.36205
1.05502
4.52973
4.01648
1.98369
4.10958
2.04555
4.06857
1.99768
4.14711
2.06568
4.13043
2.01766
4.18146
2.0531
3.9709
1.81779
4.11677
1.83675
4.07509
1.83178
4.14472
1.84682
4.16625
1.85476
4.17427
1.86443
4.07509
1.72378
4.12555
1.73864
4.01322
1.71543
4.1527
1.73361
4.06206
1.61356
4.10798
1.57764
4.15648
1.62024
4.14392
1.59274
4.05229
1.45322
4.12156
1.42167
4.1695
1.46659
4.15031
1.42671
4.04578
1.18381
4.01294
1.0871
4.1109
1.19123
4.08482
1.10471
4.16625
1.19864
4.13034
1.11728
4.0002
0.745048
4.04729
0.697173
4.11416
0.74653
4.0944
0.724845
3.98718
0.862151
4.04888
0.833017
3.99369
0.973324
4.05607
0.900939
4.05555
1.05782
4.0976
0.999049
4.14346
1.07709
4.14152
1.00911
4.14346
0.973324
4.13993
0.908486
4.16625
0.865115
4.12715
0.845596
