I(x)	J(y)	bx	by	ix	iy	Distance 
1	1	0.921686	0.549126	0.80166	0.693959	0.188103265694671
2	1	1.00599	0.524395	0.834454	0.6661	0.22249698047614
3	1	1.0961	0.524395	0.888119	0.637312	0.236656597731819
4	1	1.18622	0.524395	0.959671	0.605738	0.240709644696676
5	1	1.27343	0.524395	1.04315	0.580665	0.237055249467292
6	1	1.36645	0.524395	1.14451	0.559306	0.224668959852045
7	1	1.47983	0.524395	1.25184	0.550948	0.22953104781053
8	1	1.60192	0.524395	1.38004	0.538876	0.222352049149541
9	1	1.70076	0.524395	1.47544	0.524946	0.225320673709715
10	1	1.80541	0.524395	1.6424	0.524946	0.16301093123162
11	1	1.99727	0.524395	1.83917	0.524946	0.15810096015205
12	1	2.11936	0.524395	2.02401	0.524946	0.095351592021319
13	1	2.24436	0.515121	2.18798	0.538876	0.061180098275501
14	1	2.3432	0.515121	2.32214	0.530518	0.026088143073051
15	1	2.44203	0.518212	2.48015	0.527732	0.039290772453593
16	1	2.60773	0.530578	2.69779	0.524946	0.090235929784094
17	1	2.71529	0.524395	2.82897	0.524946	0.11368133532379
18	1	2.79959	0.51203	2.95717	0.524946	0.158108442076949
19	1	2.93041	0.521304	3.08835	0.524946	0.157981985567975
20	1	3.04378	0.524395	3.20462	0.524946	0.160840943795416
21	1	3.15715	0.524395	3.31195	0.524946	0.154800980620279
22	1	3.31413	0.518212	3.57133	0.524946	0.257288139555635
23	1	3.40134	0.533669	3.47294	0.524946	0.072129402666319
24	1	3.48564	0.524395	3.64288	0.524946	0.157240965403421
25	1	3.63971	0.527487	3.74424	0.524946	0.104560879783024
26	1	3.7211	0.536761	3.8307	0.532375	0.109687724910311
27	1	3.80831	0.539852	3.91716	0.538876	0.108854375548252
28	1	3.90715	0.542944	3.98573	0.559306	0.080265381354604
1	2	0.905556	0.596332	0.810604	0.701388	0.141607363650341
2	2	1.0144	0.596332	0.864268	0.690244	0.177084954663009
3	2	1.09721	0.596332	0.911969	0.658671	0.195449172425979
4	2	1.19186	0.596332	0.968615	0.628025	0.225483427936511
5	2	1.28177	0.596332	1.05507	0.610381	0.227134903528718
6	2	1.36932	0.596332	1.13259	0.588094	0.236873294281985
7	2	1.48289	0.589489	1.24588	0.588094	0.237014105329198
8	2	1.60593	0.589489	1.36215	0.57695	0.244102263244322
9	2	1.69112	0.589489	1.48439	0.57695	0.207109921107126
10	2	1.79759	0.589489	1.65134	0.57695	0.146786542370205
11	2	1.97505	0.580936	1.83917	0.57695	0.135938451499198
12	2	2.11939	0.580936	2.02997	0.57695	0.089508796193447
13	2	2.23533	0.580081	2.185	0.57695	0.050427294801526
14	2	2.33944	0.577515	2.35196	0.577879	0.012525290256118
15	2	2.46011	0.577515	2.49804	0.569521	0.038763242072871
16	2	2.60681	0.580936	2.70077	0.567664	0.094892716179905
17	2	2.72275	0.580936	2.82599	0.566735	0.10421212022121
18	2	2.80557	0.580936	2.94524	0.561163	0.141062682623718
19	2	2.93807	0.580936	3.08835	0.564878	0.151135494719143
20	2	3.05401	0.582527	3.21655	0.562092	0.163819537372683
21	2	3.15812	0.582527	3.32686	0.562092	0.169972870850027
22	2	3.32375	0.582527	3.59518	0.578807	0.271455490458381
23	2	3.4113	0.582527	3.49977	0.576022	0.088708826646507
24	2	3.49648	0.582527	3.67865	0.579736	0.182191378997471
25	2	3.63372	0.582527	3.74424	0.578807	0.110582588141171
26	2	3.73073	0.582527	3.84561	0.586237	0.114939890812546
27	2	3.80881	0.582527	3.92909	0.583451	0.120283549066362
28	2	3.92239	0.582527	3.99766	0.587165	0.075412757170124
1	3	0.907922	0.658771	0.813585	0.709746	0.107228355363682
2	3	1.00257	0.658771	0.870231	0.696745	0.137679466867794
3	3	1.10195	0.658771	0.920913	0.675386	0.181797837154351
4	3	1.19659	0.658771	0.986503	0.646598	0.21043937249954
5	3	1.26994	0.658771	1.05806	0.646598	0.212229395534643
6	3	1.36932	0.651928	1.13557	0.627097	0.235065184706285
7	3	1.49709	0.651928	1.25184	0.627097	0.246503835793685
8	3	1.58701	0.64423	1.35321	0.610381	0.236237581263016
9	3	1.68402	0.64423	1.47842	0.602952	0.209702725981328
10	3	1.79759	0.64423	1.63644	0.602952	0.166352624818486
11	3	1.97742	0.64423	1.84513	0.602952	0.138580364352241
12	3	2.13595	0.638243	2.03295	0.602952	0.108878164390295
13	3	2.25899	0.636532	2.21482	0.624311	0.045829485497876
14	3	2.33707	0.643375	2.35792	0.627097	0.026451763343868
15	3	2.43882	0.653639	2.50401	0.610381	0.07823676031125
16	3	2.60918	0.662192	2.70674	0.594594	0.11869053544407
17	3	2.72512	0.655349	2.81705	0.602952	0.105813848380068
18	3	2.8032	0.653639	2.95717	0.602952	0.162098528275244
19	3	2.95227	0.652783	3.1122	0.602952	0.167513382931036
20	3	3.06585	0.655349	3.23443	0.594594	0.179193712013006
21	3	3.15576	0.65706	3.33878	0.593666	0.19368820210844
22	3	3.32139	0.657915	3.58325	0.610381	0.266139325835172
23	3	3.42787	0.659626	3.49977	0.602952	0.091550817997438
24	3	3.51778	0.662192	3.6548	0.610381	0.146488429990221
25	3	3.64555	0.663903	3.74424	0.610381	0.112268965364432
26	3	3.7331	0.663903	3.84263	0.602952	0.125346899845987
27	3	3.82301	0.670745	3.92611	0.610381	0.119471429622316
28	3	3.93185	0.668179	3.99468	0.627097	0.075068899179354
1	4	0.955245	0.731559	0.777809	0.742248	0.177757668799408
2	4	1.01676	0.731559	0.858305	0.726461	0.158536988204646
3	4	1.09485	0.731559	0.917932	0.706031	0.178750265756446
4	4	1.18949	0.731559	0.998428	0.69303	0.194908110875356
5	4	1.28887	0.731559	1.07892	0.681887	0.215745938742772
6	4	1.37169	0.721637	1.17433	0.670743	0.20381650776127
7	4	1.48289	0.721637	1.25482	0.656813	0.237103512998015
8	4	1.59884	0.721637	1.34725	0.644741	0.263078929061223
9	4	1.67692	0.711716	1.47842	0.644741	0.209494392824724
10	4	1.78576	0.711716	1.6424	0.670743	0.149100222431088
11	4	1.97269	0.711716	1.84513	0.656813	0.138873658441765
12	4	2.13832	0.711716	2.05084	0.644741	0.110174411843223
13	4	2.26372	0.703211	2.22972	0.670743	0.047012456051562
14	4	2.35837	0.704629	2.37283	0.6661	0.041153073287423
15	4	2.45775	0.707463	2.51891	0.654956	0.080607261763442
16	4	2.60918	0.72022	2.69779	0.644741	0.116399362287772
17	4	2.71802	0.710298	2.83493	0.656813	0.128563576976529
18	4	2.81503	0.710298	2.94823	0.663314	0.14124353527153
19	4	2.95937	0.707463	3.10922	0.656813	0.158178522562325
20	4	3.06821	0.71455	3.23145	0.644741	0.17754040126405
21	4	3.16759	0.71455	3.34176	0.656813	0.183490463155446
22	4	3.33322	0.727307	3.55344	0.670743	0.227368279441087
23	4	3.4255	0.724472	3.50275	0.644741	0.111016191886589
24	4	3.50122	0.727307	3.62201	0.670743	0.133378072395728
25	4	3.64318	0.72589	3.72337	0.670743	0.097322287832747
26	4	3.72363	0.735811	3.82176	0.656813	0.125976906232849
27	4	3.82774	0.745733	3.92312	0.656813	0.130399811349557
28	4	3.92712	0.741481	3.99169	0.670743	0.095776560514565
1	5	0.938682	0.819438	0.819485	0.833087	0.119975914291161
2	5	1.01203	0.819438	0.89415	0.808869	0.118352854469168
3	5	1.08302	0.819438	0.954585	0.79194	0.131345685993108
4	5	1.19896	0.819438	1.03092	0.767044	0.176018671839098
5	5	1.27467	0.819438	1.11044	0.748123	0.179045586723047
6	5	1.36932	0.819438	1.1836	0.748123	0.198941568368705
7	5	1.48289	0.819438	1.2504	0.712272	0.256000296202954
8	5	1.57044	0.819438	1.35218	0.712272	0.243150116504187
9	5	1.66982	0.819438	1.46669	0.712272	0.229665732001968
10	5	1.79049	0.819438	1.62891	0.722231	0.188566426622026
11	5	1.96795	0.806681	1.85792	0.722231	0.138702571713721
12	5	2.12885	0.806681	2.07104	0.712272	0.1107025536336
13	5	2.25426	0.805264	2.25234	0.726214	0.079073313450241
14	5	2.35127	0.789673	2.37957	0.731193	0.064967687353022
15	5	2.45538	0.810934	2.5128	0.723367	0.104714067292795
16	5	2.62574	0.819438	2.69788	0.712975	0.128602293793696
17	5	2.72749	0.820855	2.82783	0.735244	0.131899048218704
18	5	2.81977	0.822273	2.91053	0.736728	0.124720987107223
19	5	2.96173	0.825108	3.07592	0.748605	0.137448408899485
20	5	3.07294	0.825108	3.22557	0.723367	0.183431589375985
21	5	3.19125	0.832195	3.33583	0.723367	0.18096107311795
22	5	3.34742	0.85629	3.54151	0.748605	0.221961679857132
23	5	3.42313	0.846369	3.48941	0.736728	0.128117864800347
24	5	3.51541	0.844951	3.61306	0.767905	0.124384921176162
25	5	3.64555	0.873299	3.72337	0.767905	0.131010868388848
26	5	3.72127	0.873299	3.80685	0.748605	0.151236668953002
27	5	3.82064	0.873299	3.9112	0.748605	0.154109400219454
28	5	3.91529	0.873299	3.9589	0.767905	0.114060191723493
1	6	0.943414	0.912986	0.846438	0.890625	0.099520645581708
2	6	1.03569	0.912986	0.929138	0.890625	0.108873059224953
3	6	1.09011	0.912986	0.980031	0.867708	0.119027238584284
4	6	1.18476	0.912986	1.0341	0.836458	0.16898215995779
5	6	1.26994	0.903065	1.12635	0.817708	0.167044621430922
6	6	1.36459	0.903065	1.18996	0.817708	0.19437452083285
7	6	1.4687	0.912986	1.2822	0.786458	0.225369884376773
8	6	1.56571	0.912986	1.36172	0.763542	0.252874334870109
9	6	1.66982	0.912986	1.48577	0.763542	0.237082077846471
10	6	1.78103	0.891725	1.65117	0.786458	0.167166865404003
11	6	1.95849	0.871882	1.86429	0.763542	0.143565997367065
12	6	2.13358	0.891725	2.05831	0.763542	0.148648761814554
13	6	2.25426	0.878969	2.24916	0.788542	0.090570703480762
14	6	2.3631	0.869047	2.38911	0.788542	0.084602453421872
15	6	2.45775	0.881804	2.53225	0.778125	0.127669828232829
16	6	2.62574	0.891725	2.70083	0.786458	0.129304483251742
17	6	2.73222	0.891725	2.82806	0.786458	0.142360271455909
18	6	2.81977	0.891725	2.93303	0.786458	0.154625253076592
19	6	2.99249	0.903065	3.09843	0.803125	0.145640953031762
20	6	3.10134	0.903065	3.23838	0.786458	0.179936527834123
21	6	3.20545	0.912986	3.34335	0.803125	0.176311795751164
22	6	3.33795	0.924326	3.53737	0.836458	0.217919989500734
23	6	3.42787	0.929995	3.48648	0.817708	0.126662948287966
24	6	3.51305	0.935665	3.60735	0.836458	0.136874098532192
25	6	3.64318	0.949839	3.69641	0.851042	0.112224240291481
26	6	3.73073	0.955508	3.79183	0.836458	0.133813723137801
27	6	3.81118	0.962595	3.88726	0.836458	0.147304817195501
28	6	3.91292	0.956926	3.92861	0.867708	0.090587127253269
1	7	0.94578	1.02071	0.840077	0.988542	0.110489386064907
2	7	1.0215	1.02071	0.913234	0.965625	0.121473799565997
3	7	1.09248	1.00228	0.970488	0.946875	0.133984185966106
4	7	1.18476	1.00228	1.05001	0.907292	0.164864437171878
5	7	1.26994	0.985274	1.12317	0.890625	0.174642108613587
6	7	1.35749	0.985274	1.18678	0.873958	0.2037968497205
7	7	1.48053	0.966848	1.2822	0.853125	0.228621323653328
8	7	1.56808	0.966848	1.37763	0.836458	0.230808913606039
9	7	1.66982	0.966848	1.51758	0.836458	0.200445927122503
10	7	1.7834	0.966848	1.6798	0.836458	0.166536819052124
11	7	1.95612	0.966848	1.87383	0.836458	0.154185590117884
12	7	2.13122	0.966848	2.07422	0.836458	0.142304434576017
13	7	2.24716	0.948421	2.23326	0.844792	0.104557064041604
14	7	2.35837	0.942752	2.38911	0.842708	0.104660162124851
15	7	2.46248	0.947004	2.53861	0.844792	0.127448302632871
16	7	2.62574	0.966848	2.70719	0.853125	0.139882176237718
17	7	2.73458	0.949839	2.82488	0.853125	0.132316619500349
18	7	2.80794	0.966848	2.93939	0.853125	0.173816061481671
19	7	3.02089	0.985274	3.12387	0.873958	0.151644756770552
20	7	3.10844	0.985274	3.2193	0.873958	0.15710248710953
21	7	3.21964	0.985274	3.33062	0.890625	0.145859499522657
22	7	3.34505	1.00228	3.46103	0.890625	0.160991302327175
23	7	3.44206	1.00228	3.52147	0.907292	0.12380899904288
24	7	3.52488	1.02071	3.60417	0.907292	0.138385500772299
25	7	3.65265	1.03488	3.67733	0.932292	0.105514928536203
26	7	3.726	1.0363	3.77911	0.921875	0.126149723444009
27	7	3.81355	1.04339	3.85863	0.928125	0.123766823603905
28	7	3.92476	1.04906	3.9127	0.946875	0.102894206955494
1	8	0.931583	1.14594	0.833715	1.07813	0.119064442735856
2	8	1.00967	1.14594	0.890969	1.05104	0.15197347597854
3	8	1.07355	1.14594	0.932319	1.02813	0.183916805814477
4	8	1.18239	1.14594	1.04365	0.988542	0.209816391170947
5	8	1.26758	1.1234	1.11044	0.967708	0.221207998191747
6	8	1.33619	1.1234	1.15497	0.940625	0.257385681468492
7	8	1.46633	1.1234	1.25994	0.940625	0.275687382237563
8	8	1.56571	1.10586	1.39671	0.911458	0.257591027801824
9	8	1.67219	1.10586	1.5144	0.911458	0.250379355586678
10	8	1.79523	1.10586	1.67026	0.911458	0.231105254167879
11	8	1.95849	1.08332	1.90246	0.911458	0.180764786238913
12	8	2.10756	1.08332	2.08058	0.926042	0.159575341716695
13	8	2.24243	1.09083	2.2428	0.940625	0.150205455709838
14	8	2.3489	1.08332	2.38275	0.938542	0.148682520102398
15	8	2.45775	1.08833	2.52907	0.953125	0.152862468987649
16	8	2.63757	1.08332	2.71037	0.940625	0.160192705904483
17	8	2.74168	1.08332	2.83124	0.940625	0.168472124177859
18	8	2.82686	1.10586	2.94257	0.967708	0.180207600294771
19	8	3.02562	1.1234	3.14932	0.940625	0.220699774863954
20	8	3.13683	1.1234	3.24156	0.967708	0.18763893989255
21	8	3.23857	1.14594	3.32744	0.967708	0.199159540881174
22	8	3.36398	1.14594	3.47058	0.967708	0.207678130345975
23	8	3.46099	1.14594	3.54055	0.988542	0.176363046027222
24	8	3.54854	1.14594	3.61053	0.988542	0.169165275703969
25	8	3.67158	1.176	3.68369	1.02813	0.148365053162798
26	8	3.74966	1.18351	3.73458	1.05104	0.133325568815588
27	8	3.81828	1.18101	3.7982	1.05104	0.131512004395036
28	8	3.91529	1.18852	3.87453	1.07813	0.117674677394926
1	9	0.931583	1.25615	0.827354	1.15938	0.142225586098283
2	9	1.00493	1.23862	0.884608	1.1353	0.158595101071881
3	9	1.07355	1.23862	0.938681	1.10051	0.193038906081132
4	9	1.16583	1.23862	1.0341	1.07107	0.213133280836194
5	9	1.25574	1.20606	1.09454	1.03896	0.23218064088119
6	9	1.34566	1.20606	1.15497	1.00953	0.273837026349615
7	9	1.44267	1.20606	1.25676	1.00953	0.270530162828473
8	9	1.55388	1.20606	1.38717	1.00953	0.257713532822784
9	9	1.67219	1.18101	1.4985	0.990795	0.257584864316598
10	9	1.80232	1.20606	1.68616	1.00953	0.228291888817802
11	9	1.96322	1.18101	1.90882	1.00953	0.179902057798125
12	9	2.10519	1.18101	2.07422	1.00953	0.174254214583177
13	9	2.24243	1.1785	2.25234	1.01755	0.161254800238629
14	9	2.3489	1.18602	2.38911	1.03093	0.160217827347646
15	9	2.45775	1.17099	2.53543	1.02558	0.164858273981017
16	9	2.63757	1.18101	2.72946	1.03896	0.169180302044889
17	9	2.73695	1.18101	2.84078	1.03896	0.175951332475773
18	9	2.8316	1.20606	2.95529	1.03896	0.207898114710067
19	9	3.03982	1.20606	3.15568	1.03896	0.203337034501834
20	9	3.13683	1.20606	3.2511	1.03896	0.202435280768941
21	9	3.23621	1.20606	3.33698	1.07107	0.168454424103376
22	9	3.36871	1.23862	3.47058	1.07107	0.19608798892334
23	9	3.46572	1.25615	3.54691	1.10051	0.175543799947477
24	9	3.56037	1.25615	3.62007	1.10051	0.166697029367653
25	9	3.68341	1.27369	3.69323	1.1353	0.138737970649711
26	9	3.75203	1.28872	3.73776	1.15938	0.130124818923985
27	9	3.82064	1.30625	3.80774	1.15938	0.147435432986782
28	9	3.91056	1.30625	3.87772	1.18079	0.129686842817612
1	10	0.938682	1.33863	0.817811	1.26292	0.142624691905013
2	10	1.01913	1.35274	0.865523	1.23274	0.194923345059026
3	10	1.06882	1.33863	0.916415	1.20574	0.202205430503238
4	10	1.16347	1.33863	1.0341	1.17397	0.209402751892137
5	10	1.25811	1.33863	1.085	1.14537	0.259454234307324
6	10	1.33383	1.35274	1.13907	1.13425	0.292693248470135
7	10	1.44504	1.35274	1.25358	1.14537	0.282239700432097
8	10	1.54678	1.35274	1.38081	1.14537	0.2656094083424
9	10	1.67219	1.36429	1.51758	1.14537	0.268011601427998
10	10	1.78813	1.35274	1.68616	1.15808	0.21975075995318
11	10	1.96795	1.35274	1.90564	1.15808	0.204389460833968
12	10	2.12175	1.33863	2.0774	1.17397	0.170528115277218
13	10	2.23769	1.33478	2.26506	1.19144	0.145929683409511
14	10	2.35364	1.33478	2.38911	1.18826	0.150752218225803
15	10	2.46011	1.33734	2.54179	1.2105	0.150864203839081
16	10	2.65177	1.33863	2.72628	1.20097	0.156531197210013
17	10	2.75115	1.33863	2.84078	1.20732	0.158983813641515
18	10	2.85053	1.33863	2.95529	1.20732	0.167979087091221
19	10	3.05165	1.36429	3.16522	1.19779	0.201545019536579
20	10	3.14629	1.36429	3.24474	1.22003	0.174652083010768
21	10	3.24804	1.37583	3.32744	1.22639	0.169223738287511
22	10	3.39001	1.38866	3.4992	1.22797	0.194277461894065
23	10	3.48702	1.38866	3.566	1.23274	0.174782398427301
24	10	3.5793	1.40277	3.62962	1.26451	0.147132355381133
25	10	3.69524	1.41432	3.72504	1.29946	0.118662797877009
26	10	3.76859	1.431	3.77275	1.32328	0.107800296845602
27	10	3.84194	1.43613	3.8141	1.34076	0.099350402616195
28	10	3.93185	1.45281	3.87453	1.38047	0.092296576317868
1	11	0.926851	1.53663	0.798727	1.40271	0.185338408798608
2	11	1.01203	1.51688	0.859161	1.36141	0.218036354906699
3	11	1.07355	1.49713	0.903692	1.33917	0.231954956325576
4	11	1.1753	1.49713	1.02774	1.29787	0.247948585799556
5	11	1.25338	1.49713	1.085	1.2788	0.275716907896487
6	11	1.322	1.49713	1.13271	1.2788	0.288961403997143
7	11	1.4474	1.51688	1.25994	1.2788	0.303023659142318
8	11	1.53258	1.51688	1.38717	1.2788	0.278973393892679
9	11	1.65089	1.51688	1.50168	1.2788	0.280972793166883
10	11	1.79523	1.51688	1.69889	1.29787	0.239262984391652
11	11	1.97269	1.51688	1.92154	1.31216	0.211013271857483
12	11	2.10992	1.49713	2.09648	1.32328	0.174368736016523
13	11	2.24243	1.49713	2.28097	1.33758	0.164138764769326
14	11	2.34654	1.50947	2.40184	1.33281	0.185113061667728
15	11	2.45775	1.50454	2.53225	1.3487	0.172732034087485
16	11	2.6494	1.47986	2.70719	1.34552	0.146242674004546
17	11	2.74878	1.49713	2.83442	1.35823	0.163179102828763
18	11	2.8387	1.49713	2.94257	1.36141	0.170906100827326
19	11	3.06585	1.51688	3.16522	1.3757	0.17264469091171
20	11	3.16759	1.53663	3.24474	1.39794	0.158704248840414
21	11	3.26697	1.53663	3.3338	1.39794	0.153951826881009
22	11	3.39711	1.56131	3.49284	1.39794	0.189351498013615
23	11	3.49175	1.55884	3.566	1.417	0.160098869764905
24	11	3.58166	1.57118	3.64234	1.44718	0.138050941322397
25	11	3.70707	1.57859	3.7155	1.46148	0.117413018869289
26	11	3.78279	1.57859	3.76957	1.48848	0.09107458756426
27	11	3.84904	1.59833	3.83318	1.50278	0.096857328581786
28	11	3.92949	1.60327	3.89044	1.53614	0.077661698410478
1	12	0.918516	1.64466	0.789184	1.5014	0.19300309278351
2	12	1.01514	1.62599	0.846438	1.47392	0.227124744807782
3	12	1.07955	1.62599	0.89415	1.44643	0.258098728396712
4	12	1.17348	1.62599	1.00866	1.41644	0.266602391024537
5	12	1.25132	1.62599	1.07227	1.41644	0.275626749427554
6	12	1.33989	1.62599	1.12953	1.39645	0.311351796526052
7	12	1.43919	1.62599	1.2504	1.39645	0.297204097717377
8	12	1.53849	1.62599	1.39035	1.39645	0.27319237031806
9	12	1.6539	1.62599	1.5144	1.39645	0.268605401285976
10	12	1.80957	1.62599	1.69889	1.41644	0.23698368066177
11	12	1.97328	1.62599	1.9279	1.44643	0.185205664060255
12	12	2.11284	1.62599	2.09012	1.44643	0.180991690416991
13	12	2.22825	1.62366	2.25552	1.47392	0.152202892548072
14	12	2.34366	1.62366	2.38593	1.46142	0.167656107851757
15	12	2.45638	1.62132	2.52907	1.49141	0.148863844502283
16	12	2.63083	1.62599	2.72309	1.49141	0.163167656108679
17	12	2.7704	1.64466	2.86305	1.5114	0.162302957767257
18	12	2.87775	1.64466	2.97756	1.5114	0.166494035028286
19	12	3.06294	1.64466	3.15886	1.5114	0.16419157712867
20	12	3.16761	1.661	3.25746	1.5114	0.174508402376505
21	12	3.2696	1.64466	3.35289	1.5114	0.157147865718883
22	12	3.4199	1.67033	3.50556	1.54388	0.152732570527704
23	12	3.49773	1.67033	3.57872	1.54388	0.150163186567148
24	12	3.58361	1.682	3.64234	1.56887	0.127466112359325
25	12	3.71512	1.689	3.72504	1.59885	0.090694150307503
26	12	3.77954	1.689	3.80138	1.63134	0.061657612668672
27	12	3.84395	1.70301	3.85863	1.63134	0.073157988627354
28	12	3.9191	1.71468	3.90952	1.65633	0.059131200731932
1	13	0.9212	1.74735	0.779136	1.62976	0.184416886959953
2	13	1.01514	1.73101	0.839685	1.59704	0.220754202508129
3	13	1.0715	1.73101	0.885818	1.56728	0.247558716315948
4	13	1.18154	1.73101	1.00692	1.54348	0.256241380928218
5	13	1.25937	1.73101	1.07612	1.54348	0.26219851906523
6	13	1.32915	1.73101	1.1309	1.51075	0.29634022693519
7	13	1.44992	1.73101	1.26353	1.51075	0.288540637865795
8	13	1.53849	1.73101	1.37887	1.51075	0.272016565672019
9	13	1.65122	1.74735	1.51438	1.51075	0.273321688857653
10	13	1.80151	1.74735	1.69026	1.54348	0.232248873840111
11	13	1.96523	1.74735	1.93246	1.54348	0.206486924041209
12	13	2.09942	1.74735	2.08239	1.56728	0.180873507733996
13	13	2.23899	1.75202	2.26116	1.59406	0.159508214522011
14	13	2.34366	1.75202	2.37938	1.59406	0.161948386839758
15	13	2.44296	1.74268	2.52066	1.62084	0.144507008826562
16	13	2.62547	1.77069	2.70807	1.64762	0.148219380986429
17	13	2.7704	1.78236	2.86089	1.67142	0.143164673366023
18	13	2.90191	1.78236	3.00217	1.66547	0.153997856153909
19	13	3.06562	1.77769	3.18094	1.66547	0.160910008389783
20	13	3.16493	1.76835	3.24437	1.66547	0.129980798581944
21	13	3.26691	1.77302	3.35105	1.66547	0.136552341979184
22	13	3.40379	1.78702	3.52117	1.68035	0.158608175388282
23	13	3.50041	1.79169	3.58172	1.70117	0.121676565122459
24	13	3.58898	1.79403	3.65092	1.72795	0.090571132266302
25	13	3.70707	1.80103	3.73742	1.72795	0.079131592300421
26	13	3.79295	1.80103	3.80373	1.7577	0.044650837618123
27	13	3.83858	1.8127	3.8787	1.79638	0.04331231695488
28	13	3.9352	1.8057	3.95078	1.79638	0.018154856099678
1	14	0.937303	1.93172	0.805085	1.79638	0.189204955336799
2	14	1.01514	1.93172	0.845452	1.7577	0.243057560557165
3	14	1.08492	1.93172	0.900235	1.72795	0.275010476391355
4	14	1.19227	1.93172	1.0098	1.72795	0.27352790314701
5	14	1.2701	1.93172	1.08188	1.72795	0.277396793961286
6	14	1.33989	1.93172	1.1309	1.70117	0.311175388808305
7	14	1.45798	1.93172	1.26065	1.70117	0.303467348161215
8	14	1.54923	1.93172	1.40193	1.70117	0.273588363239375
9	14	1.65122	1.93172	1.52015	1.70117	0.265203030525671
10	14	1.77736	1.93172	1.68161	1.70117	0.24964247435082
11	14	1.95181	1.93172	1.91516	1.72795	0.207039695227751
12	14	2.08869	1.93172	2.09104	1.7577	0.174035866705688
13	14	2.22557	1.94339	2.24386	1.77853	0.165871467407749
14	14	2.34366	1.94106	2.37649	1.77556	0.168724802266887
15	14	2.44028	1.92472	2.51777	1.79043	0.155043555815777
16	14	2.61741	1.93172	2.69942	1.84399	0.120092435232199
17	14	2.7704	1.93172	2.86377	1.84399	0.128119123474991
18	14	2.91533	1.93172	3.01371	1.84399	0.131814935800159
19	14	3.07099	1.93172	3.17805	1.87077	0.123193936944965
20	14	3.17298	1.93172	3.24725	1.86779	0.097995294785005
21	14	3.26691	1.94806	3.34529	1.87969	0.10400904431827
22	14	3.40648	1.95506	3.52405	1.88862	0.135044357527443
23	14	3.5031	1.96673	3.59613	1.90944	0.109255320236591
24	14	3.5863	1.96906	3.66822	1.9273	0.091949899401794
25	14	3.72317	1.96673	3.76337	1.9392	0.048723104375645
26	14	3.80101	1.97373	3.83545	1.96598	0.035301219525676
27	14	3.86005	1.9784	3.88735	1.9749	0.027523444551872
28	14	3.94325	1.9854	3.94502	1.98085	0.004882151165214
1	15	0.934619	2.02274	0.796436	1.90944	0.178693680607346
2	15	1.03661	2.02274	0.848335	1.87672	0.238263123510542
3	15	1.10102	2.02274	0.900235	1.87672	0.248266906020517
4	15	1.17885	2.05075	0.998268	1.87672	0.25079134678852
5	15	1.26742	2.05075	1.06747	1.84399	0.287627710938984
6	15	1.34525	2.05075	1.12513	1.84399	0.301997536413793
7	15	1.47408	2.05075	1.25777	1.84399	0.29923187280101
8	15	1.56265	2.05075	1.37598	1.84399	0.278559484670689
9	15	1.66732	2.05075	1.50285	1.84399	0.264197044835857
10	15	1.79078	2.05075	1.68738	1.84399	0.231173652477958
11	15	1.94376	2.05075	1.91516	1.87672	0.176364398051307
12	15	2.08601	2.05075	2.06798	1.87672	0.174961486619198
13	15	2.21483	2.03674	2.22656	1.89754	0.13969335309885
14	15	2.31682	2.03674	2.37073	1.90349	0.14374230622889
15	15	2.42417	2.01807	2.51201	1.93622	0.120063683518373
16	15	2.61205	2.03208	2.69077	1.98085	0.093922049061975
17	15	2.78113	2.05075	2.86377	2.01953	0.088340579576999
18	15	2.91801	2.07175	3.00794	2.03738	0.096274097243236
19	15	3.07099	2.07642	3.18959	2.06714	0.118962508379741
20	15	3.16761	2.08342	3.2732	2.07606	0.105846198325684
21	15	3.2696	2.09276	3.377	2.08796	0.107507209060602
22	15	3.40916	2.12076	3.54712	2.12367	0.137990687004595
23	15	3.50578	2.1231	3.6192	2.12664	0.11347523077747
24	15	3.58361	2.12543	3.7057	2.13259	0.122299769828075
25	15	3.71244	2.1231	3.79508	2.16235	0.09148733300299
26	15	3.79832	2.13943	3.87005	2.17127	0.078479159654013
27	15	3.86274	2.1441	3.93925	2.1921	0.090320430136265
28	15	3.9352	2.14877	4.01998	2.20995	0.104549704925457
1	16	0.931935	2.12543	0.799319	2.03738	0.159184816976997
2	16	1.03124	2.12543	0.856985	2.01656	0.205468931775585
3	16	1.1037	2.14177	0.911768	2.01656	0.229162467965415
4	16	1.1869	2.14177	0.998268	2.01656	0.226405776260236
5	16	1.28084	2.14177	1.06747	1.98978	0.261968923729514
6	16	1.35599	2.16044	1.13667	1.98978	0.277895840199165
7	16	1.46871	2.16044	1.27218	1.98978	0.260286143503645
8	16	1.56802	2.16044	1.4077	1.98978	0.234152382007957
9	16	1.64853	2.17911	1.49996	2.01656	0.220217046115872
10	16	1.77467	2.17911	1.67008	2.01656	0.193291413673758
11	16	1.92766	2.17911	1.90363	2.01656	0.164316595023144
12	16	2.05917	2.17911	2.03626	2.03738	0.14356970780774
13	16	2.18531	2.16744	2.21214	2.02846	0.14154606776594
14	16	2.3034	2.16277	2.34478	2.04631	0.1235930256932
15	16	2.42417	2.16277	2.50624	2.0794	0.116987357436605
16	16	2.60936	2.17677	2.67924	2.11177	0.09543696558462
17	16	2.77845	2.19778	2.86954	2.18912	0.091500730598176
18	16	2.91264	2.23512	3.02812	2.2397	0.115570786966257
19	16	3.05489	2.26312	3.18094	2.26053	0.126076606077416
20	16	3.17029	2.25146	3.27032	2.28136	0.104403117290625
21	16	3.27765	2.26546	3.39719	2.30516	0.125959920609692
22	16	3.41453	2.26779	3.5673	2.32896	0.164561361807685
23	16	3.50041	2.27946	3.64227	2.35277	0.159682859756456
24	16	3.59166	2.29346	3.73742	2.35872	0.159702364415809
25	16	3.72586	2.30747	3.8268	2.38847	0.129421341362234
26	16	3.79832	2.30047	3.896	2.3974	0.137611072592288
27	16	3.85737	2.3168	3.95078	2.3974	0.123376610830416
28	16	3.94057	2.3238	4.0171	2.4212	0.123869289575746
1	17	0.939347	2.42103	0.808834	2.35018	0.148503756413769
2	17	1.01857	2.42103	0.846141	2.3339	0.193192642046741
3	17	1.10289	2.43703	0.909277	2.31762	0.227474705998271
4	17	1.18978	2.43703	0.958063	2.31762	0.260675116167616
5	17	1.27922	2.43703	1.04703	2.32847	0.256315176491756
6	17	1.34822	2.45531	1.17043	2.3339	0.215289740117823
7	17	1.47088	2.45531	1.28235	2.29592	0.246877971880846
8	17	1.56032	2.47816	1.35123	2.32847	0.257149225548124
9	17	1.65998	2.47816	1.52341	2.29592	0.227734017002291
10	17	1.7852	2.47816	1.65829	2.32305	0.200412724645917
11	17	1.89764	2.45531	1.81039	2.32305	0.158446426592713
12	17	2.01519	2.45531	1.97971	2.3339	0.126488017219024
13	17	2.1404	2.45759	2.12607	2.3339	0.124517328111392
14	17	2.27328	2.46902	2.2753	2.38815	0.080895224210086
15	17	2.40872	2.4713	2.43027	2.4207	0.05499784086671
16	17	2.59016	2.47816	2.6455	2.50208	0.06028832391102
17	17	2.74348	2.47816	2.82056	2.50208	0.080706212895911
18	17	2.87637	2.47816	2.98701	2.51293	0.115974835632563
19	17	3.05014	2.47816	3.18502	2.54006	0.14840560771076
20	17	3.15746	2.47816	3.3113	2.57261	0.180520215211483
21	17	3.25968	2.47816	3.40313	2.55633	0.163366004419524
22	17	3.4309	2.49644	3.60401	2.58889	0.196250030828023
23	17	3.50756	2.52614	3.70733	2.60516	0.214830661917707
24	17	3.58422	2.52614	3.80203	2.61059	0.233608644103766
25	17	3.72222	2.52614	3.95126	2.63771	0.254768888406728
26	17	3.80655	2.52614	4.01152	2.63771	0.23336787653831
27	17	3.86277	2.54442	4.06031	2.66484	0.231350444131841
28	17	3.94965	2.54442	4.15214	2.65941	0.232862406154364
1	18	0.951451	2.53952	0.822718	2.50826	0.13247404609583
2	18	1.03001	2.56342	0.86952	2.50826	0.169704642541093
3	18	1.10295	2.56342	0.923009	2.50826	0.188205709480345
4	18	1.19273	2.57936	0.966468	2.50826	0.23717019763031
5	18	1.2797	2.5933	1.03667	2.50826	0.257478897193537
6	18	1.34984	2.5933	1.18711	2.50826	0.183610605630503
7	18	1.4789	2.61321	1.27068	2.50826	0.233173906987896
8	18	1.57709	2.61321	1.37432	2.52554	0.22091107215348
9	18	1.66968	2.61321	1.52141	2.52554	0.172249881857725
10	18	1.79873	2.61321	1.65513	2.52554	0.168246809479407
11	18	1.91096	2.61321	1.79219	2.52554	0.147622294386722
12	18	2.00635	2.61321	1.95935	2.52554	0.099473759856557
13	18	2.14943	2.62317	2.1031	2.54528	0.090627374451653
14	18	2.2336	2.64309	2.21676	2.60699	0.039834603048104
15	18	2.35704	2.65703	2.35717	2.66376	0.006731255454965
16	18	2.58149	2.69487	2.62461	2.72546	0.052868539794475
17	18	2.73018	2.69687	2.82185	2.77236	0.118752385239203
18	18	2.87607	2.70483	3.00571	2.7847	0.15226866552249
19	18	3.03038	2.70085	3.18958	2.78964	0.18228632450077
20	18	3.14821	2.69487	3.34001	2.81925	0.228599265965576
21	18	3.27166	2.69288	3.45368	2.82666	0.225894596659592
22	18	3.42877	2.70682	3.62083	2.86615	0.249545772354492
23	18	3.50452	2.70882	3.72781	2.86368	0.271735245597622
24	18	3.58869	2.70682	3.81807	2.86615	0.279287008827837
25	18	3.72055	2.69886	3.97185	2.87356	0.306058458468313
26	18	3.79911	2.69487	4.02868	2.87356	0.290916656449918
27	18	3.85241	2.68691	4.07214	2.84887	0.272969438765588
28	18	3.95622	2.67894	4.1624	2.84641	0.265624534446651
1	19	0.959868	2.67556	0.822718	2.66869	0.137321955273001
2	19	1.04684	2.67556	0.872863	2.66869	0.174112588370284
3	19	1.1254	2.69481	0.943067	2.66869	0.184194400807951
4	19	1.18712	2.69481	0.976497	2.69337	0.210627922481802
5	19	1.26568	2.69481	1.05004	2.69337	0.215644807959756
6	19	1.34984	2.7223	1.18376	2.69337	0.168580874656647
7	19	1.48451	2.7223	1.26734	2.69337	0.219088461129289
8	19	1.5799	2.7223	1.37097	2.71312	0.209131578916241
9	19	1.68371	2.7223	1.51472	2.69337	0.17144843248044
10	19	1.81276	2.7223	1.64844	2.71312	0.164576227931011
11	19	1.91096	2.74429	1.78217	2.71312	0.132508237479789
12	19	2.01757	2.74429	1.9326	2.71312	0.090506738975614
13	19	2.1326	2.73879	2.1031	2.72546	0.032371884406071
14	19	2.2336	2.76629	2.19336	2.77976	0.042434637974183
15	19	2.34863	2.80203	2.34379	2.82913	0.027528813995521
16	19	2.57307	2.83227	2.61458	2.91305	0.090821189708129
17	19	2.73018	2.84876	2.79844	2.97475	0.143293083224558
18	19	2.86205	2.87626	2.98565	3.0019	0.176245197381375
19	19	3.01635	2.86526	3.19292	3.02659	0.239174274954477
20	19	3.15102	2.87626	3.34336	3.03893	0.251905149808415
21	19	3.28288	2.88725	3.46705	3.05127	0.246619442258716
22	19	3.42877	2.85976	3.63754	3.06855	0.29525950789094
23	19	3.51013	2.86526	3.72781	3.05867	0.291190677220271
24	19	3.5943	2.85426	3.83813	3.04386	0.308870893578531
25	19	3.72616	2.83227	3.98856	3.05127	0.341781743222191
26	19	3.79349	2.82677	4.03536	3.02412	0.312166813418723
27	19	3.87205	2.81302	4.14903	2.9945	0.331138808960834
28	19	3.95061	2.79928	4.20586	2.99203	0.319851723459481
1	20	0.968285	2.85701	0.819375	2.88343	0.151235592702247
2	20	1.04684	2.85701	0.872863	2.90811	0.181326243354347
3	20	1.13942	2.85701	0.923009	2.90811	0.222362161621531
4	20	1.19273	2.85701	0.966468	2.93279	0.238614963998489
5	20	1.28812	2.85701	1.05004	2.95748	0.258411120697233
6	20	1.36668	2.85701	1.17708	2.95748	0.214574884131392
7	20	1.4789	2.89	1.25062	2.95748	0.238044762177201
8	20	1.58551	2.89	1.37766	2.95748	0.218529569852686
9	20	1.67248	2.90925	1.51807	2.97722	0.168707939943561
10	20	1.80434	2.90925	1.62504	2.97722	0.191750908472424
11	20	1.91376	2.92849	1.75876	2.9945	0.168470531844593
12	20	2.00635	2.92849	1.91254	2.97722	0.10571153674032
13	20	2.14943	2.94224	2.07969	2.99203	0.085689624226041
14	20	2.2336	2.95599	2.1733	3.01918	0.087344525300674
15	20	2.34301	2.96148	2.34045	3.06855	0.107100599904949
16	20	2.57307	2.99448	2.61792	3.15493	0.166600495197343
17	20	2.73299	3.00822	2.80179	3.19196	0.196198439341397
18	20	2.86766	3.03022	2.97563	3.21911	0.217570570160581
19	20	2.99671	3.04671	3.15281	3.2586	0.263181652286021
20	20	3.14821	3.05496	3.31996	3.26847	0.274015661231252
21	20	3.27166	3.06596	3.44699	3.27835	0.275409006751777
22	20	3.43158	3.05771	3.63754	3.30056	0.318426826916326
23	20	3.51013	3.04946	3.73115	3.28575	0.323547221437613
24	20	3.59991	3.03022	3.8281	3.27588	0.335290190282985
25	20	3.73177	2.99723	3.96516	3.27588	0.363478630183399
26	20	3.80472	2.99997	4.04205	3.24626	0.342029666841927
27	20	3.87486	3.00547	4.11225	3.21417	0.316084960255942
28	20	3.9478	2.99173	4.1858	3.19689	0.31422066386538
1	21	0.94584	3.04396	0.842776	3.08336	0.110338334662075
2	21	1.03001	3.04396	0.876206	3.12285	0.172856305976959
3	21	1.1254	3.04396	0.919666	3.12285	0.220340896921112
4	21	1.20395	3.04396	0.976497	3.14259	0.247916808847242
5	21	1.27409	3.04396	1.03667	3.16481	0.266407542873696
6	21	1.36106	3.0742	1.16371	3.14259	0.208864105580638
7	21	1.49573	3.0742	1.27068	3.16481	0.242606006933052
8	21	1.58832	3.0742	1.3576	3.19689	0.261313134954981
9	21	1.67248	3.0742	1.50469	3.16481	0.190692569860496
10	21	1.80434	3.0742	1.61167	3.19689	0.228417523408341
11	21	1.89693	3.0742	1.75876	3.19689	0.184780369628378
12	21	2.01196	3.0742	1.89917	3.19689	0.166656593628935
13	21	2.14662	3.08795	2.05964	3.20183	0.14329750451421
14	21	2.2336	3.0907	2.17664	3.2117	0.13373646324021
15	21	2.34863	3.11544	2.33042	3.24379	0.129635360145294
16	21	2.57868	3.12094	2.60789	3.3055	0.186857212063115
17	21	2.72738	3.14569	2.80847	3.34005	0.210597715324739
18	21	2.86205	3.15943	2.989	3.3672	0.243484445909795
19	21	3.01074	3.17043	3.15615	3.40669	0.277421801053919
20	21	3.13419	3.14843	3.30658	3.41657	0.318774797780502
21	21	3.2913	3.15118	3.45368	3.41903	0.313226574383464
22	21	3.42316	3.15393	3.6342	3.4141	0.335001955964439
23	21	3.50733	3.14019	3.71109	3.43384	0.357419165826344
24	21	3.5943	3.14294	3.80469	3.41657	0.345162757260977
25	21	3.72336	3.14294	3.96182	3.42397	0.368566184694147
26	21	3.81033	3.11819	4.01865	3.40669	0.355850351130922
27	21	3.87486	3.13744	4.05208	3.38201	0.302028828590915
28	21	3.9478	3.11269	4.12563	3.3672	0.310481640358975
1	22	0.951451	3.25841	0.839433	3.33639	0.136487774998349
2	22	1.0244	3.25841	0.892921	3.37491	0.175667234967139
3	22	1.11417	3.25841	0.949753	3.37491	0.201507319690874
4	22	1.18712	3.25841	0.989869	3.39862	0.24200578732956
5	22	1.26848	3.25841	1.06007	3.39862	0.251184339081878
6	22	1.34423	3.25841	1.16705	3.39862	0.225946003505262
7	22	1.49293	3.23916	1.27737	3.42528	0.284792499901244
8	22	1.5827	3.23916	1.3576	3.42528	0.292079893864675
9	22	1.67529	3.23916	1.48798	3.42528	0.264056226020141
10	22	1.80434	3.25841	1.61836	3.44899	0.266287995974284
11	22	1.92218	3.25841	1.75876	3.46973	0.267137116103323
12	22	1.99793	3.25841	1.89249	3.42528	0.197390958506209
13	22	2.15504	3.25016	2.06967	3.43417	0.202849000490512
14	22	2.2336	3.25841	2.18333	3.44306	0.191370570882777
15	22	2.34863	3.24191	2.31705	3.45788	0.218266665572185
16	22	2.57868	3.25291	2.59786	3.46973	0.217666682797345
17	22	2.74141	3.25291	2.82185	3.49344	0.253624278214843
18	22	2.88168	3.2749	3.00237	3.50825	0.262713339212153
19	22	2.9911	3.2969	3.16618	3.52899	0.290721128403149
20	22	3.14541	3.2859	3.33667	3.54677	0.323471087579709
21	22	3.27727	3.29415	3.47039	3.56455	0.332282251105893
22	22	3.42035	3.29415	3.61749	3.5764	0.344280760571949
23	22	3.50452	3.2969	3.69438	3.57048	0.333005759709948
24	22	3.5943	3.2914	3.79801	3.56751	0.34312460739504
25	22	3.73458	3.2804	3.9451	3.59418	0.377857855284232
26	22	3.80472	3.26665	3.9919	3.56159	0.349322137861316
27	22	3.87486	3.2969	4.03871	3.53788	0.291407245791864
28	22	3.95341	3.2749	4.09219	3.50529	0.268959923594576
1	23	0.957063	3.43986	0.879549	3.54973	0.134461284747693
2	23	1.03001	3.41786	0.929695	3.58825	0.197726708678924
3	23	1.11698	3.41786	0.969811	3.609	0.241232697122509
4	23	1.18151	3.41786	0.993212	3.63566	0.287911404435462
5	23	1.26568	3.41786	1.05339	3.63566	0.304144511868947
6	23	1.34143	3.41786	1.17708	3.63566	0.27285117280305
7	23	1.47048	3.41786	1.26734	3.66233	0.317854432877693
8	23	1.57709	3.43986	1.37097	3.66233	0.303279335431875
9	23	1.67248	3.43986	1.48129	3.66233	0.293336866077212
10	23	1.80715	3.43986	1.62839	3.66233	0.285391027364211
11	23	1.92779	3.43986	1.75876	3.66233	0.279399430564917
12	23	2.01757	3.43986	1.89249	3.66233	0.255221290843848
13	23	2.16065	3.43986	2.04961	3.65937	0.245996995306853
14	23	2.26165	3.42886	2.17999	3.66826	0.252944095799842
15	23	2.36265	3.43436	2.31371	3.67122	0.241863149735548
16	23	2.54782	3.43436	2.56778	3.68604	0.252470243791224
17	23	2.72738	3.4646	2.79844	3.69196	0.238205989009513
18	23	2.86485	3.4536	2.99903	3.70085	0.281312699500041
19	23	2.99391	3.45635	3.16618	3.7127	0.308856399318518
20	23	3.1398	3.4646	3.31661	3.72752	0.316841762556643
21	23	3.2913	3.4591	3.47039	3.73937	0.33260261724767
22	23	3.41474	3.45085	3.62083	3.73641	0.352161329080863
23	23	3.4961	3.4591	3.71109	3.74826	0.360325138867662
24	23	3.5943	3.4701	3.80135	3.7453	0.344390392577958
25	23	3.73177	3.43986	3.94176	3.7453	0.37066075284551
26	23	3.80472	3.4481	3.98522	3.71567	0.32275990286899
27	23	3.88047	3.43986	4.04205	3.66233	0.274956355263885
28	23	3.94219	3.44261	4.09888	3.66233	0.269867809306705
1	24	0.954257	3.52098	0.91298	3.70382	0.187441341035003
2	24	1.03562	3.52098	0.91298	3.76308	0.271390824458013
3	24	1.10576	3.52098	0.959782	3.76308	0.282704769121428
4	24	1.19273	3.52098	1.00324	3.79863	0.336148750704209
5	24	1.26568	3.52098	1.07679	3.79863	0.33581089112773
6	24	1.34984	3.52098	1.18711	3.79863	0.321823826650545
7	24	1.4789	3.52098	1.28071	3.81938	0.358220373652868
8	24	1.57709	3.52098	1.37432	3.81938	0.360774490367598
9	24	1.66687	3.52098	1.48129	3.81938	0.351400763231955
10	24	1.80154	3.52098	1.61836	3.81938	0.350139218597403
11	24	1.9334	3.52098	1.74874	3.81938	0.350915767100882
12	24	2.0316	3.52098	1.88914	3.81938	0.330662080680565
13	24	2.16626	3.53231	2.06632	3.81938	0.303969058458258
14	24	2.26446	3.52853	2.19001	3.81641	0.297351134014989
15	24	2.37949	3.52853	2.34379	3.82827	0.301858505926204
16	24	2.56465	3.56251	2.58115	3.81938	0.257399391801923
17	24	2.71616	3.57384	2.78173	3.81938	0.254144282839493
18	24	2.84624	3.56966	2.96225	3.81938	0.275351409112066
19	24	2.99754	3.57961	3.17955	3.84012	0.317794116056292
20	24	3.13875	3.56469	3.33667	3.85493	0.351299849131764
21	24	3.29005	3.57464	3.46371	3.85493	0.329727584075097
22	24	3.42117	3.56469	3.60746	3.85197	0.342394162479444
23	24	3.50187	3.57961	3.69772	3.85197	0.335465634752652
24	24	3.57752	3.57961	3.78464	3.85493	0.34452836864328
25	24	3.71873	3.56469	3.92839	3.84604	0.350877668283406
26	24	3.78933	3.55972	3.97185	3.84012	0.334570934780653
27	24	3.8549	3.56469	3.9919	3.79863	0.271103160438974
28	24	3.95072	3.56469	4.03871	3.76308	0.217027261421232
1	25	0.945355	3.63853	0.91298	3.83419	0.19832038781981
2	25	1.04466	3.63853	0.91298	3.89049	0.284294678107065
3	25	1.11176	3.63853	0.963125	3.89049	0.292534108823228
4	25	1.1869	3.63853	1.01327	3.93197	0.340961010234308
5	25	1.2701	3.63853	1.06676	3.93197	0.357007267713138
6	25	1.34525	3.63853	1.19379	3.95272	0.348791467355496
7	25	1.4875	3.63853	1.2874	3.95272	0.372498813555158
8	25	1.58144	3.63853	1.37432	3.95272	0.376316423372672
9	25	1.67	3.63853	1.47795	3.95272	0.368237095632691
10	25	1.80151	3.63853	1.59161	3.95272	0.377853630523778
11	25	1.92766	3.63853	1.72533	3.95272	0.373701465076068
12	25	2.0377	3.63853	1.90586	3.95272	0.340730306400825
13	25	2.17726	3.6473	2.06632	3.9616	0.333304925856189
14	25	2.28461	3.66046	2.19001	3.98827	0.34118698114084
15	25	2.39734	3.67801	2.38057	3.98531	0.307757246705906
16	25	2.57447	3.69556	2.59118	3.95272	0.257702327696123
17	25	2.72745	3.69556	2.76501	3.95272	0.259888474542447
18	25	2.85628	3.68678	2.95891	3.93197	0.265802658000254
19	25	2.99584	3.69117	3.17621	3.95272	0.317713297486901
20	25	3.14077	3.67801	3.31996	3.98531	0.355727910206664
21	25	3.29912	3.69556	3.46371	3.95272	0.30532136135554
22	25	3.42526	3.69117	3.6108	3.97346	0.337805766232609
23	25	3.51115	3.7131	3.69772	3.95272	0.303687519170611
24	25	3.59972	3.68678	3.77795	3.95272	0.32014061988445
25	25	3.72049	3.66924	3.91167	3.95272	0.341922071238462
26	25	3.80637	3.63853	3.95847	3.93197	0.330516933908083
27	25	3.87079	3.63853	3.99525	3.91123	0.29975920603044
28	25	3.96204	3.63853	4.02199	3.89049	0.258993907457299
1	26	0.937303	3.83154	0.923009	3.97938	0.148529404617402
2	26	1.02587	3.83154	0.953096	4.01494	0.197310960354462
3	26	1.09297	3.83154	0.996555	4.06235	0.250138178463425
4	26	1.1869	3.83154	1.06342	4.09198	0.288229602921005
5	26	1.26742	3.83154	1.10019	4.1305	0.342553579020859
6	26	1.33183	3.83154	1.17374	4.1305	0.338185643840775
7	26	1.48213	3.83154	1.29743	4.1305	0.351413106756137
8	26	1.58949	3.83154	1.37432	4.15124	0.385365046287283
9	26	1.66732	3.83154	1.48129	4.15124	0.369885456459158
10	26	1.78809	3.83154	1.5983	4.15124	0.371790712767277
11	26	1.92497	3.83154	1.75542	4.1305	0.343692135638859
12	26	2.0377	3.83154	1.88914	4.1305	0.333837018917914
13	26	2.20946	3.84909	2.07635	4.14235	0.322055429545909
14	26	2.29803	3.84909	2.21007	4.1068	0.272307557184885
15	26	2.41881	3.83593	2.37722	4.1305	0.297491534333331
16	26	2.60936	3.86663	2.59786	4.09198	0.225643241644859
17	26	2.72477	3.86225	2.74161	4.06235	0.20080735942689
18	26	2.83481	3.86663	2.94219	4.09198	0.249625893889236
19	26	2.98779	3.87541	3.14278	4.09198	0.266316475269556
20	26	3.1354	3.86663	3.30993	4.09198	0.285032179586797
21	26	3.2857	3.87102	3.45702	4.09198	0.279595894104331
22	26	3.41184	3.83154	3.6108	4.09198	0.327740865929167
23	26	3.50846	3.83154	3.68435	4.09198	0.314271038595669
24	26	3.5863	3.83154	3.78129	4.09198	0.325346113700472
25	26	3.73123	3.83154	3.85818	4.06235	0.263418979194742
26	26	3.79832	3.83154	3.9217	4.06235	0.261717176547509
27	26	3.86274	3.80083	3.98522	4.01494	0.246666662725225
28	26	3.95399	3.79645	4.03871	4.01494	0.234340262225679
1	27	0.929252	3.9105	0.919666	4.10383	0.193567508368528
2	27	1.01782	3.9105	0.973154	4.14532	0.239030299242586
3	27	1.09834	3.9105	1.02664	4.17198	0.271132219405957
4	27	1.1869	3.9105	1.0701	4.19569	0.308181076803882
5	27	1.26742	3.9105	1.10353	4.22236	0.352301847426323
6	27	1.34257	3.9105	1.17374	4.22236	0.354626886318565
7	27	1.49287	3.9105	1.3108	4.24606	0.381772181411899
8	27	1.57875	3.9105	1.37766	4.24606	0.391200334483497
9	27	1.66195	3.9105	1.47126	4.24606	0.385957497271396
10	27	1.79078	3.94121	1.59496	4.24606	0.362324433208692
11	27	1.93034	3.94121	1.73536	4.24606	0.361871141292035
12	27	2.04038	3.94121	1.90586	4.22236	0.311674434145632
13	27	2.21752	3.93243	2.07969	4.22532	0.323699955205434
14	27	2.32219	3.93243	2.23013	4.20754	0.290104387591777
15	27	2.41612	3.94998	2.37722	4.22532	0.278074316685306
16	27	2.60936	3.94121	2.59452	4.17198	0.231246661597524
17	27	2.72477	3.94121	2.7483	4.17198	0.231966492838944
18	27	2.83212	3.94121	2.90542	4.17198	0.242131540489875
19	27	2.99584	3.94121	3.14278	4.17198	0.273580256049299
20	27	3.14077	3.94121	3.30658	4.17198	0.28416148401921
21	27	3.30449	3.94121	3.47039	4.17198	0.284214008979149
22	27	3.40379	3.94121	3.60077	4.19569	0.321809245982772
23	27	3.5031	3.94121	3.68435	4.17198	0.293438844395216
24	27	3.59166	3.94121	3.77461	4.17198	0.294491927563388
25	27	3.71781	3.9105	3.85818	4.14532	0.273576624184158
26	27	3.78759	3.9105	3.9217	4.14532	0.270418055055501
27	27	3.85468	3.9105	4.00528	4.10383	0.245064989135535
28	27	3.94325	3.9105	4.06879	4.07717	0.208660443064803
1	28	0.931935	4.03826	0.949753	4.20754	0.170215156563685
2	28	1.01245	4.03826	0.97984	4.24903	0.213277764898266
3	28	1.09028	4.0191	1.01996	4.28162	0.271775004001472
4	28	1.1869	4.0191	1.0467	4.31421	0.326719990358717
5	28	1.27279	4.0191	1.0935	4.31421	0.345303947559248
6	28	1.32915	4.0191	1.18711	4.33792	0.349029445749209
7	28	1.49287	4.0191	1.29074	4.33792	0.37749533679239
8	28	1.57875	4.0191	1.38769	4.33792	0.371685506846851
9	28	1.67269	4.03826	1.48129	4.33792	0.355570071293972
10	28	1.77736	4.03826	1.60164	4.33792	0.347381107718886
11	28	1.93034	4.03826	1.74874	4.33792	0.350392173999363
12	28	2.0538	4.03826	1.9092	4.31421	0.31154062736664
13	28	2.22288	4.02731	2.08972	4.31718	0.318992480318894
14	28	2.32487	4.02457	2.24016	4.29051	0.279105477731986
15	28	2.42149	4.04647	2.37388	4.30236	0.260281394263977
16	28	2.61205	4.03826	2.60121	4.28162	0.243601303773194
17	28	2.73551	4.03826	2.74496	4.24903	0.210981741864077
18	28	2.82407	4.03826	2.88871	4.24903	0.220459344324526
19	28	2.99853	4.03826	3.1294	4.24903	0.248094638797375
20	28	3.1354	4.03826	3.28653	4.24903	0.259353561379056
21	28	3.28838	4.03826	3.45368	4.24903	0.267858326172624
22	28	3.40111	4.03826	3.59408	4.24903	0.285764612574755
23	28	3.49504	4.03826	3.68435	4.24903	0.283305963580014
24	28	3.59703	4.03826	3.77126	4.24903	0.273459477436786
25	28	3.71244	4.0191	3.86487	4.20754	0.2423727263947
26	28	3.77954	4.0191	3.93173	4.20754	0.242221860491575
27	28	3.84932	4.0191	4.00862	4.18384	0.229163168070264
28	28	3.94325	3.99994	4.06545	4.16902	0.208616601448686
1	29	0.937303	4.17712	0.963125	4.29652	0.12216028685297
2	29	1.00977	4.16155	1.00324	4.31864	0.157225662663574
3	29	1.0876	4.16155	1.03333	4.35402	0.199974832916545
4	29	1.19227	4.16155	1.06342	4.3872	0.259846579735043
5	29	1.26474	4.14598	1.11022	4.40931	0.305318062518417
6	29	1.35867	4.14598	1.19045	4.42701	0.327529890697017
7	29	1.5036	4.16155	1.30077	4.42701	0.334079362577218
8	29	1.58949	4.16155	1.37432	4.44912	0.359158229475533
9	29	1.68879	4.16155	1.48464	4.42701	0.334882418320222
10	29	1.79883	4.16155	1.60833	4.42701	0.326740358082683
11	29	1.94108	4.16155	1.75876	4.40931	0.30761274355917
12	29	2.07795	4.16155	1.91589	4.40931	0.296054828030214
13	29	2.21752	4.16822	2.06967	4.42037	0.29229992302428
14	29	2.34366	4.17267	2.21676	4.39826	0.25883287677573
15	29	2.44833	4.16155	2.37388	4.39826	0.248141948489166
16	29	2.64157	4.17712	2.58783	4.37172	0.2018839954033
17	29	2.73014	4.17712	2.73827	4.35402	0.177086721410726
18	29	2.81334	4.17712	2.87533	4.35402	0.187446979436853
19	29	2.98511	4.19269	3.0826	4.35402	0.188498458879642
20	29	3.12467	4.19491	3.24641	4.35402	0.200341258107261
21	29	3.26691	4.19936	3.41356	4.35402	0.213133615602982
22	29	3.39306	4.17712	3.57403	4.35402	0.253068668349126
23	29	3.48968	4.17712	3.6576	4.33412	0.229882853645069
24	29	3.5863	4.16155	3.73783	4.31864	0.218262706388426
25	29	3.69365	4.16155	3.83478	4.29652	0.195280766590057
26	29	3.7688	4.16155	3.91501	4.29652	0.198983077169894
27	29	3.85468	4.16155	4.01196	4.29652	0.207253225065378
28	29	3.94862	4.13042	4.06545	4.26114	0.175319614704117
1	30	0.918516	4.26971	0.989618	4.33845	0.098897330621205
2	30	1.0044	4.26971	1.01845	4.36869	0.099972210638757
3	30	1.07955	4.25603	1.04152	4.39692	0.145932426143061
4	30	1.18959	4.25603	1.0617	4.42212	0.209622852284764
5	30	1.254	4.25603	1.0617	4.45034	0.273378247305816
6	30	1.34525	4.25603	1.19722	4.47454	0.263930864053449
7	30	1.5036	4.25603	1.30967	4.48563	0.300541186694936
8	30	1.59485	4.25603	1.38463	4.4947	0.318050023266781
9	30	1.69416	4.25603	1.4769	4.4947	0.322746458539827
10	30	1.79615	4.25603	1.6153	4.48563	0.292271932453324
11	30	1.93839	4.25603	1.76235	4.48563	0.289320309691525
12	30	2.07259	4.25603	1.9094	4.47454	0.272722562689631
13	30	2.20946	4.25774	2.06221	4.47857	0.265421271566542
14	30	2.34366	4.24918	2.22656	4.4574	0.238889050397878
15	30	2.44296	4.25089	2.35919	4.44933	0.215396950999776
16	30	2.62815	4.25603	2.58697	4.42212	0.171118907488331
17	30	2.74624	4.25603	2.73402	4.408	0.152460517183959
18	30	2.81871	4.25603	2.88684	4.408	0.166543020868483
19	30	2.98511	4.25603	3.09732	4.39692	0.180114064414748
20	30	3.13004	4.25603	3.2386	4.408	0.186762294106707
21	30	3.26691	4.25603	3.41737	4.39692	0.206126669065407
22	30	3.39306	4.25603	3.5673	4.39692	0.224074919837093
23	30	3.48699	4.25603	3.65957	4.37675	0.210611430838879
24	30	3.57556	4.25603	3.74318	4.36163	0.198110636766429
25	30	3.69365	4.25603	3.83257	4.34954	0.167460104203957
26	30	3.77148	4.25603	3.92195	4.33845	0.171564207514271
27	30	3.84663	4.25603	4.01422	4.33038	0.183342113547324
28	30	3.94057	4.25603	4.08918	4.31224	0.158885166708538
1	31	0.9212	4.36209	0.969434	4.35553	0.048678047988801
2	31	1.00708	4.36209	0.989618	4.38734	0.03069990136792
3	31	1.08223	4.36209	1.01557	4.42584	0.092236750267992
4	31	1.20301	4.36209	1.04152	4.44258	0.180437413526131
5	31	1.27279	4.3484	1.079	4.4794	0.23391358254706
6	31	1.35599	4.3484	1.19145	4.50619	0.227971699340072
7	31	1.50092	4.3484	1.30102	4.53799	0.275507491912652
8	31	1.59754	4.33472	1.37598	4.53799	0.300678443690265
9	31	1.69147	4.33472	1.49708	4.53799	0.281258182103206
10	31	1.82567	4.33472	1.62971	4.53799	0.282345558668805
11	31	1.95986	4.33472	1.76811	4.53799	0.279440074792432
12	31	2.08601	4.33472	1.9094	4.53799	0.269276410032516
13	31	2.21215	4.33985	2.05933	4.52795	0.242354208546086
14	31	2.34366	4.3313	2.22656	4.51791	0.220308197986367
15	31	2.4537	4.3313	2.37361	4.51121	0.196931501289154
16	31	2.63083	4.33472	2.60139	4.46434	0.132921247360984
17	31	2.73282	4.33472	2.73402	4.44258	0.107866675113309
18	31	2.80797	4.3484	2.87242	4.46434	0.132649485864062
19	31	2.98779	4.33472	3.07425	4.46769	0.158607542380557
20	31	3.12467	4.33472	3.23572	4.46601	0.171956874244678
21	31	3.26155	4.33472	3.4116	4.46266	0.197189366092596
22	31	3.39306	4.33472	3.55865	4.44258	0.197620413166252
23	31	3.47357	4.33472	3.66822	4.44258	0.222536293893828
24	31	3.57824	4.33472	3.7403	4.42584	0.185920138769311
25	31	3.68292	4.31419	3.85852	4.4024	0.196510468169001
26	31	3.78222	4.31419	3.93348	4.37562	0.163258177436844
27	31	3.85468	4.31419	4.00268	4.36892	0.157795351325696
28	31	3.94594	4.3159	4.07477	4.35553	0.134787632221951
						
						
						
						
						
						
						
						
						
						
						
						
						
						
						
						
						
						
						
						
						
						
						
						
						
						
						
						
						
						
						
						
						
						
						
						
						
						
						
						
						
						
						
						
						0
