14 1.11687149609 0.299602060367
15 1.73238970348 0.299432348372
16 1.22226725855 0.299629766621
17 1.16147011821 0.299641276479
18 1.18827933188 0.299663299265
19 0.965545650619 0.300501201689
20 0.920398745534 0.300549934592
21 0.964930376215 0.300534280083
22 1.07947524458 0.300498751825
23 0.985242137743 0.300552631459
24 1.02886292042 0.300522113547
25 1.24011643235 0.300437490124
26 0.966112765635 0.300530187725
28 1.21410559002 0.300390112331
29 1.09116933189 0.300471410872
30 1.06709508105 0.300493098199
31 1.04801823534 0.300494392108
32 1.03801523349 0.300478040239
33 0.967752903309 0.300290078978
34 1.01630229425 0.30044662935
35 1.01515413791 0.300482504023
36 1.11276746154 0.300473887248
37 1.02875373801 0.300530057306
38 1.01469729562 0.300500396477
39 0.965534065387 0.300355641005
40 1.85222234887 0.300219071963
41 0.982109278249 0.300574693068
42 1.06620631683 0.300545700078
43 1.07810189956 0.300551731041
44 0.97244383193 0.300489788517
45 1.08393035024 0.300485751592
46 1.1157285587 0.300482261028
47 0.0673303129238 0.300924623525
48 0.949776789377 0.300552252403
49 1.05393596066 0.300476784056
50 1.04053367834 0.300548487729
51 1.19205698198 0.300187851297
52 0.971133119801 0.300547378749
53 1.19682941502 0.300497476419
54 0.927436215566 0.300565291955
55 1.0915750564 0.300564061744
56 0.938273322903 0.300579420458
57 1.0388308272 0.300399679357
58 0.963449672096 0.300433805849
59 1.05301558255 0.300441215757
60 1.04462881887 0.300441064202
61 1.0574199125 0.30021849428
62 1.01814108949 0.300398871223
63 1.08243109456 0.300433677153
64 1.13269067866 0.300403349682
65 0.971516734975 0.30042156671
66 1.04626921074 0.300426386783
67 1.06699496609 0.300420982989
68 1.06699496609 0.300420982989
69 1.06300584404 0.300434856898
70 1.05744740842 0.300466880558
71 1.05551978534 0.300458516969
72 1.11123980998 0.300454340579
73 1.07430123346 0.300174288642
74 0.962576185755 0.300431340588
75 1.05274397648 0.300437248674
76 -4.99757335625 0.302074436962
77 1.10414613858 0.300428793757
78 1.05360556683 0.300432452088
79 1.00809605719 0.300054802602
80 1.09349693181 0.300415153459
81 1.09627984767 0.30041702145
82 1.11591768085 0.300421358916
83 0.932850709392 0.300472369022
84 0.875257372825 0.300522032253
85 1.2052747014 0.300452636449
86 1.04610941744 0.300192134279
87 1.01978922322 0.300442625804
88 1.05749910513 0.300486853169
89 0.952025113378 0.300527521788
90 0.894726016419 0.300474467003
91 1.07491937967 0.300472004838
92 1.12344285721 0.300466956639
93 1.07932294888 0.300486095287
94 1.03118981475 0.300513639689
95 1.08438252367 0.300515837088
96 0.987645082497 0.300521285069
97 1.00937773508 0.300507946935
98 0.946866831018 0.300340717245
99 0.8986554767 0.300526804028
100 1.05834315088 0.300527060213
101 0.962842809856 0.300602687249
102 1.80554317547 0.300376717121
103 0.931183645109 0.300591986058
104 0.742017483142 0.300258144659
105 1.0170590714 0.300487069893
106 0.956759279434 0.300562008119
107 1.0815415656 0.300541538787
108 1.14894606028 0.300491918591
109 1.1603629527 0.300514169463
110 1.00676241094 0.300267003101
111 2.62064849818 0.299944392849
112 1.01498815053 0.300515159321
