14 0.651330315089 0.299944026505 -4.78920822598e-08
15 0.828663899442 0.299906176609 -4.46461767629e-08
16 0.607869385482 0.300026355191 -5.38943458895e-08
17 0.867623828178 0.299888456467 -3.05477922235e-08
18 0.123066031292 0.300750878801 -9.08623663629e-08
19 0.553237771186 0.300844375492 -4.63377612966e-08
20 0.490630089345 0.300895199708 -4.56342949862e-08
21 0.485381224193 0.300875905368 -4.14188350799e-08
22 0.678994294725 0.300802166445 -4.28196901099e-08
23 0.634351867594 0.300806928822 -3.59966153325e-08
24 0.629731905571 0.300820565102 -4.12728723788e-08
25 0.621730408498 0.300815447532 -4.29560007723e-08
26 0.400863559014 0.300914436658 -5.7145828768e-08
28 0.491537310965 0.3008702911 -6.00015089127e-08
29 0.533114816871 0.300870493705 -5.3491556822e-08
30 0.587948335053 0.300816951737 -4.24520549475e-08
31 0.624922248031 0.300764965373 -3.51916158556e-08
32 0.556751694053 0.300831544836 -4.57286508085e-08
33 0.489108933518 0.300752364911 -4.98763876488e-08
34 0.538197307668 0.300802896002 -4.54347322818e-08
35 0.581601709942 0.300817169642 -4.65737267044e-08
36 0.599678812486 0.300810347711 -4.23376861299e-08
37 0.364808956189 0.300956658013 -6.07336623214e-08
38 0.493459824802 0.300852689273 -4.76673107169e-08
39 0.493459824802 0.300852689273 -4.76673107169e-08
40 0.433231679192 0.300951324134 -5.39593334321e-08
41 0.468494522491 0.300956248417 -5.11478703219e-08
42 0.505311045148 0.300837971826 -5.11295512272e-08
43 0.483057276509 0.300931777205 -5.16302289733e-08
44 0.628947593495 0.300760267932 -3.51749139572e-08
45 0.350858272022 0.300989095812 -6.9747862793e-08
46 0.51603049405 0.300835442793 -4.66568081399e-08
47 0.478307234711 0.300866842022 -4.85350964929e-08
48 0.448852659528 0.300948214469 -5.80322330181e-08
49 0.591574357649 0.300821112939 -4.37588643377e-08
50 0.469245569745 0.300951690346 -5.47124021266e-08
51 0.437200786542 0.300864887888 -6.24318472298e-08
52 0.579123385604 0.30087079459 -4.50630783559e-08
53 0.564498468671 0.300904599396 -4.78263511148e-08
54 0.400733979393 0.301012479351 -6.20798916579e-08
55 0.745820005218 0.300822192866 -3.48436375584e-08
56 0.466653402665 0.300926425346 -5.06138283102e-08
57 0.590461972793 0.300706782891 -3.92474389461e-08
58 0.476818781946 0.300801165149 -5.01318281927e-08
59 0.433915151596 0.30083294731 -5.15928068192e-08
60 0.698802288749 0.300680802279 -3.10320384567e-08
61 0.552414581354 0.300647510908 -4.60235447645e-08
62 0.710274864249 0.300628828556 -3.059183225e-08
63 0.65919761021 0.300687198866 -3.29954135988e-08
64 0.84534388126 0.300481811159 -2.16904917573e-08
65 0.574369892011 0.300686571521 -3.38482235023e-08
66 0.722856920103 0.300674571088 -3.06091869302e-08
67 0.338450468783 0.300913936021 -6.58027051612e-08
68 0.70827832705 0.300690134008 -3.13238583782e-08
69 0.699722381126 0.3007330577 -3.82143001548e-08
70 0.616582991198 0.300770096509 -4.01703621003e-08
71 0.708406334518 0.300706944473 -3.23886530055e-08
72 0.735858737538 0.300692068657 -3.1836742249e-08
73 0.568508464094 0.300653842274 -4.56525083266e-08
74 0.733212234971 0.30064583592 -2.87801497692e-08
75 0.474627466088 0.300830689114 -4.87967772903e-08
76 6.00946010763 0.298011109408 1.70386960303e-07
77 0.522955241095 0.300816245664 -4.84510127232e-08
78 0.507011508335 0.300824601424 -4.98747123032e-08
79 -0.358880918096 0.301100278778 -1.34655002024e-07
80 0.568960889771 0.300736035021 -4.1074484068e-08
81 0.574698168518 0.300777197194 -4.36925230324e-08
82 0.755907628279 0.300690417408 -3.19830216172e-08
83 0.583368914804 0.300777744299 -4.13526084464e-08
84 0.526704428389 0.300822641095 -4.25376860829e-08
85 0.728971497136 0.300747199096 -3.6726537811e-08
86 0.785693346417 0.300554029997 -2.92196022997e-08
87 0.673777190206 0.300700534704 -3.4638440414e-08
88 0.675425485632 0.300765067293 -3.63865794494e-08
89 0.343163543894 0.300846823649 -6.59609281235e-08
90 0.640680560077 0.300720825966 -3.57189163968e-08
91 0.809154354363 0.300702816236 -3.00763967206e-08
92 0.510033452792 0.300760543298 -3.22152181917e-08
93 0.54601627411 0.300835955686 -4.29880344044e-08
94 0.625421430706 0.300782801257 -3.51970314191e-08
95 0.645314398128 0.300792582422 -3.26446636376e-08
96 0.458227427524 0.300891531547 -4.74021280647e-08
97 0.554485093276 0.300860216804 -4.43295684464e-08
98 0.695934363298 0.300644164917 -3.06073075899e-08
99 0.82548674577 0.300661546901 -1.82610016559e-08
100 0.864742184695 0.300649287613 -1.19989781901e-08
101 0.852587925509 0.300701844204 -2.03608783901e-08
102 0.643048193692 0.300793490653 -2.93579879141e-08
103 0.679229417484 0.300809701439 -3.13250401387e-08
104 0.670171524214 0.300668353958 -5.62618604582e-08
105 0.456676950404 0.300900698909 -5.51673797397e-08
106 0.661049959677 0.30080167482 -3.15149166714e-08
107 0.618775803984 0.300862476469 -4.49326214598e-08
108 0.53545050331 0.300883973992 -4.99744520077e-08
109 0.701861502769 0.300811765993 -4.17816895382e-08
110 0.616450449836 0.300711343437 -4.4352653796e-08
111 0.626593499945 0.300748626717 -3.84507339694e-08
112 0.58192424736 0.300835913884 -4.38193892589e-08
