14 0.738536388887 0.289972361614
15 0.470728324799 0.290049030253
16 0.586246610009 0.290055859865
17 0.650057303037 0.290001939087
18 0.793819699036 0.289998571079
19 0.562293008915 0.290007762542
20 0.60890704871 0.290057260971
21 0.714328031123 0.290025251658
22 0.720514156681 0.290032562141
23 0.723195230089 0.29005525115
24 0.619607500834 0.290063607922
25 0.728652084192 0.290034947367
26 0.712229951806 0.290055386238
28 0.772673058216 0.290000796028
29 0.662946284251 0.290043859171
30 0.697966151586 0.290052616236
31 0.627630219155 0.290083915063
32 0.825129418527 0.290021914589
33 0.5959203656 0.289864940156
34 0.681465818021 0.290000129225
35 0.581374255337 0.290062186898
36 0.541510262229 0.290110528431
37 0.522853064106 0.290115227575
38 0.572555007328 0.290082904756
39 0.508599550772 0.289955905451
40 0.546485609792 0.290119971976
41 0.467546038455 0.290180150368
42 0.659629033482 0.290109708401
43 0.532596436871 0.290195968802
44 0.549092767623 0.290081774337
45 0.51120891023 0.29010384862
46 0.684313580129 0.29008026581
47 0.539422686501 0.290206064213
48 0.450073636258 0.290751611793
49 0.578222737452 0.290708116372
50 0.558446556126 0.290771791209
51 0.766410382474 0.290364301934
52 0.45069932091 0.290776220826
53 0.625141413642 0.290761171422
54 0.637470183277 0.290719131497
55 0.516471214031 0.290786996994
56 0.634737676728 0.290735613076
57 0.565105389523 0.290115979703
58 0.569802483202 0.29013701952
59 0.602739837245 0.290141037526
60 0.550099107855 0.290166682297
61 0.633070953913 0.2899242512
62 0.586800183553 0.290110267546
63 0.593392253473 0.290153356989
64 0.632527953486 0.290148040308
65 0.618293226765 0.290099849491
66 0.677525191523 0.290105142044
67 0.861097528974 0.290081302932
68 0.642763327375 0.29016525845
69 0.721152592496 0.290139866712
70 0.693511805125 0.290172236488
71 0.687748001311 0.290167293449
72 0.642211569716 0.290193813091
73 0.861819699844 0.289865925777
74 0.612924367768 0.29015253291
75 0.80566986065 0.290130083602
76 -0.644799539492 0.290478444282
77 0.654501091753 0.290157009739
78 0.458664491533 0.290209064906
79 0.139716880634 0.289913068592
80 0.683410765034 0.290149991007
81 0.419006265719 0.290229231887
82 0.584915381438 0.29017067454
83 0.484974296827 0.290222891459
84 0.547041159709 0.290236471145
85 0.853630868347 0.29016109742
86 0.548959538967 0.289921382799
87 0.6805512476 0.290143742005
88 0.667006469886 0.290175646058
89 0.775833553375 0.290204238133
90 0.489166730305 0.290181724424
91 0.642370005772 0.290181855695
92 0.608611283096 0.290208838804
93 0.479909726473 0.290246826184
94 0.750802177102 0.290223679307
95 0.658479888469 0.290229440589
96 0.477972163511 0.290291103571
97 0.477763584403 0.290282544089
98 0.658867880412 0.290047532761
99 0.617167055142 0.290205901143
100 0.559191564973 0.290265623237
101 0.816841490118 0.290243802685
102 0.634959124285 0.290254624765
103 0.621379469581 0.290268022846
104 0.897281706023 0.289841674597
105 0.437980734625 0.290238427194
106 0.486387373823 0.290277975125
107 0.377646810899 0.29030816431
108 0.459905367087 0.290254001728
109 0.477642704282 0.290274715188
110 0.380752763139 0.290021852638
111 0.456553970341 0.29021070764
112 0.374290713349 0.29027004997
