14 0.730325734486 0.289990612231
15 0.624283498176 0.29002569746
16 0.639684438116 0.29005478061
17 0.722914852011 0.290026016698
18 0.683945259489 0.289950466441
19 0.706180948362 0.290007477905
20 0.666430436866 0.290067374767
21 0.781925151062 0.290038003113
22 0.673106324341 0.290058685301
23 0.716285273617 0.290066566901
24 0.779629326821 0.290044808828
25 0.788586530612 0.290038863203
26 0.805948410289 0.290017784265
28 0.720684045106 0.290032847977
29 0.744414675185 0.290053501814
30 0.729410766731 0.290056327243
31 0.745852178744 0.290067063237
32 0.758912569552 0.290059959951
33 0.702381100921 0.289962008572
34 0.753470940449 0.290024000758
35 0.738987308719 0.290047277136
36 0.704910716154 0.290078268033
37 0.653768845387 0.290087147946
38 0.751573404923 0.290055972899
39 0.508599550772 0.289955905451
40 0.72736580854 0.290118228109
41 0.614198952269 0.290167219393
42 0.795983991182 0.290014650116
43 0.691097367529 0.290147728005
44 0.606528823079 0.290091143804
45 0.657792951131 0.290085819739
46 0.727102374639 0.290066247252
47 0.621255627448 0.290195552013
48 0.699202638227 0.290715809474
49 0.651435538626 0.290726026427
50 0.690811465909 0.2907405054
51 0.724732147781 0.290590463081
52 0.647118042928 0.290752759952
53 0.661729079671 0.290747563629
54 0.661729079671 0.290747563629
55 0.692941664192 0.290736890901
56 0.692941664192 0.290736890901
57 0.672587660359 0.290119287122
58 0.775530929454 0.290113086976
59 0.643737314587 0.290155028745
60 0.663285010743 0.290148587985
61 0.697191774763 0.290008256137
62 0.711033145581 0.290099419124
63 0.697886416485 0.290136693319
64 0.759746456864 0.290014923692
65 0.730268434912 0.290080305642
66 0.71387698312 0.290139481639
67 0.696540785481 0.290136331647
68 0.770870372161 0.290155238947
69 0.812516211845 0.290146357206
70 0.459579399507 0.290285972807
71 0.709534551405 0.290175224772
72 0.778043198365 0.290168675046
73 0.820864659226 0.290010903121
74 0.835043331418 0.290117126577
75 0.856849962311 0.290137956718
76 0.638910633962 0.290019103907
77 0.847386076422 0.29014216608
78 0.708373666295 0.290180342457
79 0.115631532114 0.290050122819
80 0.836566608313 0.290126199925
81 0.695082001122 0.290196429492
82 0.778253810514 0.29017674104
83 0.695163568251 0.290195493435
84 0.676391583114 0.290217312244
85 0.838510058952 0.290176758485
86 0.760988956846 0.290047702285
87 0.779007892881 0.290131498682
88 0.763500191447 0.290190298101
89 0.841141625343 0.290065521846
90 0.793827798402 0.290136165633
91 0.773938159893 0.29019142716
92 0.632736357676 0.29021742232
93 0.724638458586 0.290226940944
94 0.716043877615 0.290246381953
95 0.718112833462 0.290247810287
96 0.716106680544 0.290253482539
97 0.774157456338 0.290250385317
98 0.790428149939 0.290131927434
99 0.737085602885 0.290217828951
100 0.650616111221 0.2902685197
101 0.866186181263 0.290226604599
102 0.81348068134 0.290232634562
103 0.721079414629 0.290251930482
104 0.889532851369 0.289979311126
105 0.562419867273 0.290229637092
106 0.500806726444 0.290295319425
107 0.517736943782 0.290293232291
108 0.600282110884 0.29024637315
109 0.623599234132 0.290236921875
110 0.50388650487 0.290151802668
111 0.559566179639 0.290196388605
112 0.549782958035 0.290246411332
