14 -0.574808875435 0.322279101924
15 -0.471959348079 0.322287418555
16 -0.635866087996 0.322363292863
17 -0.678357816598 0.322383404251
18 -0.632079218776 0.322280526048
19 -0.628014328192 0.322363192175
20 -0.510912846404 0.322367582523
21 -0.602154492536 0.322385592579
22 -0.708443624442 0.322405878546
23 -0.608851109091 0.322391638739
24 -0.523279280298 0.322372728967
25 -0.594637641055 0.322374804696
26 -0.568815839207 0.322364467438
28 -0.533504759509 0.322334170833
29 -0.524663319951 0.322359329551
30 -0.53163668282 0.322386202257
31 -0.594198996891 0.322409480255
32 -0.57037383672 0.322400811488
33 -0.59728815967 0.322280763478
34 -0.600691241834 0.322357755308
35 -0.523400131595 0.322363092122
36 -0.562011703133 0.322383469979
37 -0.561544326043 0.322376210149
38 -0.519844462968 0.322359273121
39 -0.548497077461 0.322114418407
40 -0.604378819542 0.322344275742
41 -0.545913955323 0.322381867608
42 -0.52981877548 0.322257987094
43 -0.558425036439 0.32235826016
44 -0.644847819324 0.32239308451
45 -0.715418264017 0.32242934919
46 -0.63751682525 0.322406245037
47 -0.580229467751 0.322397217232
48 -0.594295633921 0.322407843402
49 -0.573477335679 0.3223753129
50 -0.592425245987 0.322397263142
51 -0.550360092923 0.322232831583
52 -0.625391773739 0.322403932737
53 -0.576724928559 0.322394650122
54 -0.564967210643 0.322401853403
55 -0.501731152494 0.322390462688
56 -0.545310959546 0.322395338423
57 -0.81294960546 0.322389801278
58 -0.557119814191 0.322340823716
59 -0.639431193081 0.322374372611
60 -0.537873035136 0.322348062575
61 -0.556714780501 0.322206387355
62 -0.60932795674 0.322312639286
63 -0.548839865412 0.322345563827
64 -0.481730253055 0.322216354746
65 -0.547006179169 0.322312057457
66 -0.592499130483 0.322352439437
67 -0.702077179347 0.322381217716
68 -0.485716527343 0.322368487028
69 -0.483905388075 0.32236255779
70 -0.528634647899 0.322417696978
71 -0.445164046233 0.32236700093
72 -0.41813217734 0.322363850372
73 -0.43650907146 0.32221271494
74 -0.51100240953 0.322336428363
75 -0.47227401504 0.322365944563
76 -0.771069463129 0.32239041161
77 -0.522548223164 0.322392404397
78 -0.510279732581 0.322386029617
79 -0.144941436601 0.321990566375
80 -0.485195564508 0.322332612013
81 -0.528966080361 0.322390901477
82 -0.422136638131 0.322386674895
83 -0.474658217759 0.322395603841
84 -0.42963594498 0.322409408165
85 -0.417598062025 0.32239824568
86 -0.513315772213 0.322283604029
87 -0.421298023669 0.322351303911
88 -0.461356768941 0.32241645892
89 -0.343102107793 0.322250118268
90 -0.38566419959 0.322344930926
91 -0.44691334762 0.322398525481
92 -0.564204322939 0.322430607002
93 -0.461559239539 0.322422493011
94 -0.445908958338 0.322441196619
95 -0.538811568046 0.322478829806
96 -0.548386630308 0.322484175278
97 -0.475416496291 0.322464010574
98 -0.542489795839 0.322363695372
99 -0.54809737837 0.322477326132
100 -0.598731939836 0.322523185973
101 -0.51256131994 0.322499926689
102 -0.393011734973 0.322467137393
103 -0.512253107182 0.322505335385
104 -0.323272205896 0.322224908747
105 -0.383892915908 0.322424866397
106 -0.33987370284 0.322442978958
107 -0.369678757383 0.322464106461
108 -0.354500435087 0.322444606257
109 -0.264991656997 0.32241248848
110 -0.216581297491 0.322267534073
111 -0.384408553596 0.322365905132
112 -0.326034317046 0.322392249026
