14 -0.730883084026 0.322309977782
15 -0.606490075761 0.322300640175
16 -0.639121896359 0.322323649487
17 -0.796604058926 0.322376732987
18 -0.734246762475 0.322375426822
19 -0.682021793733 0.322343408706
20 -0.718491528775 0.322394297715
21 -0.677393253058 0.322373622959
22 -0.715139747259 0.322409219545
23 -0.738798913588 0.322417766852
24 -0.593141216303 0.322370252116
25 -0.650327332572 0.322372059704
26 -0.75437591778 0.322409063547
28 -0.820672937861 0.322383338874
29 -0.551920528655 0.322328614456
30 -0.647869462619 0.322397054422
31 -0.711629609973 0.322424057578
32 -0.730583688633 0.32243214764
33 -0.666999281398 0.322164373481
34 -0.717751686922 0.322332687756
35 -0.618857629382 0.322358294943
36 -0.914490277485 0.322445302242
37 -0.629356502836 0.32238718469
38 -0.494121005461 0.322349545542
39 -0.548497077461 0.322114418407
40 -0.761306451888 0.322342861761
41 -0.641411742308 0.322367865009
42 -0.733196157619 0.322394697712
43 -0.713058666898 0.32236343649
44 -0.669708441542 0.32236334261
45 -0.711729035493 0.322413644958
46 -0.786204591611 0.322430905474
47 -0.690703088476 0.322406259942
48 -0.573972142491 0.322371583442
49 -0.735937212946 0.322398839078
50 -0.655801102916 0.322408058484
51 -0.72012901007 0.322058355651
52 -0.856940276131 0.322446140707
53 -0.522106142752 0.32235102308
54 -0.79093102176 0.322431103401
55 -0.63157232994 0.322407705964
56 -0.581937508489 0.322379581875
57 -0.882858754433 0.322380238564
58 -0.582164572855 0.32233548087
59 -0.694583437352 0.322361736964
60 -0.638468486631 0.32234506312
61 -0.667801003239 0.322116342143
62 -0.715422853297 0.322290150832
63 -0.644567035169 0.322373352879
64 -0.677527299206 0.322362080687
65 -0.564218424425 0.322301882894
66 -0.751465161722 0.322353457249
67 -0.606115094888 0.322336208459
68 -0.664099886028 0.322388846863
69 -0.586000665203 0.322330328786
70 -0.489869159766 0.322370274793
71 -0.547129197991 0.322369796098
72 -0.368318525951 0.322342640151
73 -0.572744371293 0.322079332402
74 -0.715366447805 0.322368182019
75 -0.475981229132 0.322343483027
76 -1.92340544086 0.322779499861
77 -0.756749683365 0.322420449875
78 -0.722460133144 0.322406123002
79 -1.37864775198 0.32225757358
80 -0.737366973057 0.322379012524
81 -0.706294409705 0.322391282858
82 -0.500328200396 0.322367847051
83 -0.600596668003 0.322411728883
84 -0.583360001179 0.322443771279
85 -0.657215124782 0.322447159978
86 -0.621718226628 0.322137054571
87 -0.440864564479 0.322333111626
88 -0.593630904685 0.322416511662
89 -0.403683744985 0.32236918477
90 -0.410693397904 0.32232296253
91 -0.421668525096 0.322370029845
92 -0.603457892449 0.322406621776
93 -0.56154150753 0.322407921362
94 -0.547813688062 0.322435977471
95 -0.637645724761 0.322459643815
96 -0.601348161327 0.322455549727
97 -0.574755765494 0.322461521518
98 -0.735172930004 0.322308194862
99 -0.606665073687 0.322454852752
100 -0.4901162461 0.322470938231
101 -0.608149071069 0.322513764865
102 -0.431152014393 0.322443637363
103 -0.670433910958 0.322528349895
104 -0.355857561732 0.322099371731
105 -0.504886549331 0.322430017754
106 -0.502097489834 0.322464526111
107 -0.427988833252 0.322474972308
108 -0.343224596373 0.3224107753
109 -0.435284055561 0.322436683213
110 -0.384497038221 0.322161497049
111 -0.448717236352 0.322372018771
112 -0.526294332059 0.322418346111
