14 0.0289101973655 0.332803982947
15 0.0289101973655 0.332803982947
16 0.140552440502 0.332798899907
17 0.0949665746245 0.332803905543
18 0.0721870842434 0.332823162232
19 0.0514701283962 0.33281916867
20 0.149901063945 0.332834846633
21 0.0370957818606 0.332879623797
22 0.938887913761 0.332542319842
23 0.18129843749 0.332868388406
24 0.181690036667 0.332835524779
25 0.167502229202 0.332873948712
26 0.309018019 0.332837143424
28 0.204915233873 0.33284090753
29 0.158427797389 0.33288554403
30 0.206876066731 0.332915630068
31 -0.00115836162939 0.332942512978
32 0.216981302228 0.332885952189
33 0.24775145453 0.332590907723
34 0.136103396559 0.332834470343
35 0.13518529013 0.332879557765
36 0.0426906590625 0.332896080048
37 0.128063217739 0.33291396408
38 0.262408866493 0.332872736743
39 0.260019913322 0.332599575901
40 0.169271134565 0.332849371867
41 0.078708775521 0.332890145516
42 0.156498063187 0.332863243462
43 0.156498063187 0.332863243462
44 0.18060763105 0.332890325465
45 0.0846426379657 0.332951926177
46 0.203682171088 0.33292994453
47 0.237475035656 0.332893355367
48 -0.00552027170756 0.332945643542
49 0.189316790597 0.332879378239
50 0.107489508416 0.332896723016
51 0.310335537355 0.332547186094
52 0.0473110053177 0.332970474864
53 0.122244989343 0.332980009258
54 0.0887957850484 0.332979540761
55 -0.0133282252038 0.333021716333
56 0.139802251978 0.332944731264
57 0.0870438667179 0.332978534238
58 0.264803611311 0.332968139312
59 0.029785766816 0.333020420432
60 0.110087262276 0.333036256139
61 0.307236459217 0.332676817026
62 0.158683936177 0.332927571309
63 0.199775649916 0.333002789168
64 0.102121439267 0.333025662091
65 0.141276113903 0.332961708961
66 -0.024281720027 0.333057334304
67 -0.104002556594 0.333118834777
68 -0.274413071777 0.333234379101
69 -0.328003842377 0.333215798613
70 -0.290565776023 0.333258401768
71 -1.51327383295 0.333745334013
72 -0.102612344164 0.333257426965
73 -0.134597789802 0.33287390374
74 -0.188759302059 0.33318787777
75 -0.18214089415 0.333222671982
76 5.24275370001 0.332024861161
77 -0.171648570474 0.333256305477
78 -0.161375564745 0.333243348379
79 -0.500072289934 0.332838463704
80 -0.0773212293886 0.333154301397
81 -0.176655152938 0.333194278443
82 -0.33279708579 0.33326282597
83 -0.170094905364 0.333250783952
84 -0.366804890529 0.333337196942
85 -0.277999432827 0.333317265793
86 -0.218777660864 0.332905721465
87 -0.314405272479 0.333243289985
88 -0.288214852063 0.333318912927
89 -0.349729737193 0.333327150263
90 -0.11296931472 0.333203132536
91 -0.225594924441 0.333288506062
92 -0.291831890863 0.333300952337
93 -0.199619983684 0.333280307097
94 -0.275881662189 0.333400065266
95 -0.28050530384 0.333422539901
96 -0.102317694802 0.33337965392
97 -0.159666085417 0.333386332786
98 -0.359204358602 0.333171005342
99 -0.392021487697 0.333420963655
100 -0.208197420371 0.333430051433
101 -0.350680747222 0.333492485887
102 -0.34712122515 0.333450644309
103 -0.318823352415 0.33348063977
104 -0.237334165905 0.332943154665
105 0.308890151349 0.33306391369
106 0.267761457906 0.333155387682
107 0.338937420616 0.333107135759
108 0.23927887451 0.333119890819
109 0.224426837935 0.333150804868
110 0.3501111469 0.332754926886
111 0.109089957091 0.333066750945
112 0.409048734055 0.333030858681
