14 -0.307710413191 0.333053343399 -4.33664794513e-08
15 0.458968385307 0.332569150095 3.64371518997e-08
16 0.0715211071399 0.332855230883 -7.42688810106e-09
17 -0.163327323049 0.333058062255 -3.60230277136e-08
18 0.116588233817 0.33279970932 -1.33047416956e-08
19 -0.247720021408 0.333126859865 -4.6635024015e-08
20 -0.0961253104751 0.333058609799 -2.81575259463e-08
21 -0.0403939403567 0.333029533856 -2.4726302167e-08
22 -0.0100392776008 0.333001619117 -2.66274014186e-08
23 -0.144939043744 0.33313298189 -3.95972185243e-08
24 0.0288464432583 0.332994904634 -1.83083403899e-08
25 -0.0185796088582 0.333055714893 -2.59166718422e-08
26 0.16007445365 0.332898546514 -7.82971208954e-09
28 -0.180227960701 0.333123537216 -3.58073577648e-08
29 -0.225860515148 0.333193078385 -4.50034392177e-08
30 0.0752482552523 0.333034920882 -1.7672510809e-08
31 0.0653166313389 0.333009492028 -1.77653048502e-08
32 -0.0107487530201 0.33309376069 -3.20054253043e-08
33 0.0816749055967 0.332875511367 -2.05544087906e-08
34 0.15323983373 0.332935690886 -1.38047363021e-08
35 0.0667557428119 0.332997967904 -1.96788151735e-08
36 -0.0712285515117 0.333076366721 -2.64251805697e-08
37 0.0578136783359 0.332994321336 -1.348326388e-08
38 0.0321102991328 0.333045060307 -2.29067867498e-08
39 -10.5138585569 0.336642204296 -3.30023500787e-07
40 -0.157707874938 0.333108234671 -3.64090678398e-08
41 0.161038743283 0.332950564025 -9.41026571493e-09
42 0.0423963434405 0.332860293936 -1.41732913475e-08
43 -0.105359641866 0.333120581314 -3.25959994566e-08
44 -0.132072403564 0.333149114283 -3.3496564338e-08
45 0.383494370568 0.332797987351 2.13346472124e-08
46 -0.0343535853014 0.333086678129 -2.44388128357e-08
47 -0.02441096373 0.333101890784 -2.96981717432e-08
48 -0.156471764263 0.33318131415 -4.12280741704e-08
49 -0.0269579668578 0.333049645339 -2.05576396034e-08
50 -0.0444573150131 0.333060422019 -2.57542180367e-08
51 0.363963807381 0.332763895934 2.76547826574e-09
52 0.0921798277369 0.333068995623 -1.84740986523e-08
53 -0.0868143686252 0.333184760778 -3.1498363472e-08
54 0.043770348826 0.333121031165 -2.30550967421e-08
55 -0.0295859910775 0.333154311794 -2.67707191097e-08
56 0.00642797745589 0.33308607657 -1.87733268158e-08
57 -0.155752707145 0.333179616687 -2.65512914916e-08
58 0.146590761296 0.333096124471 -1.77891913818e-08
59 -0.0542781797125 0.333148782654 -1.93198119772e-08
60 0.107465267312 0.333107007315 -1.09043071979e-08
61 -0.0158228114312 0.333031373962 -3.20922242096e-08
62 -0.166933133256 0.333222595847 -4.03883402567e-08
63 0.00326808208996 0.333167493782 -2.78192024798e-08
64 0.14892906644 0.332934325477 -9.329620278e-09
65 -0.0601517735594 0.333153436439 -2.92797729887e-08
66 -0.0544207330316 0.333195942128 -1.97947915341e-08
67 -0.330809334963 0.333379892815 -5.25927156025e-08
68 -0.259480308858 0.333304744518 -1.08254870377e-08
69 -0.0391198725999 0.333135209485 1.72416612741e-08
70 -0.636246176666 0.333505385234 -3.34081237471e-08
71 0.000756831435024 0.333149968671 2.09138651874e-08
72 -0.214249638142 0.333340937751 -1.00515101118e-08
73 0.284704508985 0.332794262387 4.24778916157e-08
74 -0.239341714343 0.333271201088 -7.05685659425e-09
75 -0.363038212141 0.333402257422 -2.35010611045e-08
76 0.132805374774 0.332852222736 -1.50389773853e-08
77 -0.214456482347 0.333319832909 -4.02783304445e-09
78 0.0233824004346 0.333171332948 1.32517232652e-08
79 -0.327482386243 0.332947014012 -8.24965330343e-09
80 -0.355945365187 0.333340199444 -2.23690644268e-08
81 0.213751367446 0.332995181174 3.88461719057e-08
82 -0.292620129173 0.333339294542 -8.6444584948e-09
83 0.0182094875893 0.333185806497 1.01993387964e-08
84 -0.0941324835241 0.333250444862 7.67765812269e-09
85 -0.22144158382 0.333341849852 -3.84252199074e-09
86 0.0849399499329 0.332980461761 2.04467793048e-08
87 -0.382056677332 0.333419679854 -2.96522581967e-08
88 -0.0308008303109 0.333216932347 1.48429728241e-08
89 0.16615471548 0.33292952321 3.20452866499e-08
90 0.0471961722763 0.333099722404 2.53759871055e-08
91 -0.0992379202599 0.333283734763 3.42383855897e-09
92 -0.296255056608 0.333322378062 1.69968959257e-09
93 -0.148050115278 0.333323417291 -1.04617069189e-09
94 -0.135744354595 0.333397942387 -1.18347607768e-09
95 -0.480075863878 0.333647841331 -3.39299302878e-08
96 -0.207646078286 0.333450727322 -1.83811685442e-09
97 -0.312895108952 0.333522422047 -1.39477019748e-08
98 -0.000776300948706 0.333168957377 1.55126739522e-08
99 -0.254653079317 0.333442135354 -4.67470808959e-09
100 -0.440104750153 0.333569190655 -1.60491662438e-08
101 -0.247105486631 0.333487251161 -6.29994100329e-09
102 -0.165037356844 0.333423526964 3.4709495988e-09
103 -0.209552402285 0.333452631432 2.43310203194e-09
104 -0.129409883107 0.333060355794 9.96230671289e-09
105 0.238615340105 0.333194420394 -1.68641535085e-08
106 0.18506928828 0.333302649379 -2.69373852578e-08
107 0.0153756811386 0.333367037582 -3.45525514248e-08
108 -0.0113376223193 0.333377547394 -4.20680618665e-08
109 0.179667739928 0.33324408117 -2.1740988988e-08
110 0.295558812978 0.333037623719 -1.68600213806e-08
111 0.618794605803 0.332804587292 3.55521981427e-08
112 0.246299423882 0.333217694985 -2.91503713251e-08
