14 -0.295715303474 0.324535901105
15 -0.29174850386 0.324584698366
16 -0.314328383601 0.324634417491
17 -0.30483579297 0.324651306084
18 -0.268736548066 0.324559307393
19 -0.341483817814 0.32465292872
20 -0.333095514873 0.324685986187
21 -0.273927008677 0.324664944108
22 -0.345345382694 0.32465089528
23 -0.322567620416 0.324670392654
24 -0.28248121543 0.324661385267
25 -0.295082013363 0.324651539024
26 -0.299633886979 0.324646197879
28 -0.322488409945 0.324629100597
29 -0.299542183257 0.324650677582
30 -0.182065920883 0.324622270546
31 -0.272722517568 0.324669471343
32 -0.292632026288 0.32467506809
33 -0.200811368126 0.324494748043
34 -0.263491862782 0.324615623916
35 -0.281290644015 0.324659832432
36 -0.264646289916 0.324666838533
37 -0.267127374972 0.324662406025
38 -0.315922137365 0.324662024932
39 -0.435228263327 0.324430364834
40 -0.273603093589 0.324606453432
41 -0.309846519303 0.324660655911
42 -0.213111410214 0.324565537162
43 -0.296792007547 0.324660188694
44 -0.275668516962 0.32466314734
45 -0.343004914785 0.324688352805
46 -0.264728014817 0.324655592914
47 -0.293189987952 0.324668469798
48 -0.320258582288 0.324679026167
49 -0.298400407896 0.324670879701
50 -0.269660785042 0.324653012818
51 -0.279018913972 0.324506942974
52 -0.314273215262 0.32463771759
53 -0.277958893154 0.324665615153
54 -0.282422654966 0.324673161785
55 -0.272260009962 0.324680202029
56 -0.334386113871 0.324656228979
57 -0.393656761969 0.324635161278
58 -0.290328655579 0.324633928538
59 -0.399127742351 0.324657493786
60 -0.362037661903 0.324656390038
61 -0.314441819215 0.324471301286
62 -0.283651145525 0.324563067787
63 -0.380320025598 0.324634217246
64 -0.311489610196 0.324539000546
65 -0.280784615854 0.324599639535
66 -0.346090795843 0.324655477471
67 -0.402740385029 0.324639965229
68 -0.22418038468 0.324583989507
69 -0.224181262953 0.32458699747
70 -0.0635292518416 0.324544668769
71 -0.211638867006 0.324577249377
72 -0.224032799297 0.32458918198
73 -0.243984473719 0.324433818678
74 -0.2074971842 0.324551629595
75 -0.283570996497 0.324606721005
76 -0.214635610839 0.324528781709
77 -0.26266648738 0.324616070237
78 -0.227422858547 0.324599826778
79 -0.0462565371889 0.32429478474
80 -0.136525334355 0.324531289655
81 -0.219958112348 0.324601746292
82 -0.180325686381 0.324614589239
83 -0.187734441804 0.324615019438
84 -0.183648514241 0.32461433134
85 -0.164863354121 0.324615407666
86 -0.126537201558 0.324448555693
87 -0.135199694615 0.324558763328
88 -0.252964768166 0.324637571114
89 -0.144894130116 0.324531069432
90 -0.239605689207 0.324608628408
91 -0.158189962701 0.324622070642
92 -0.374177666312 0.324621803182
93 -0.216330344164 0.324631156253
94 -0.266072596254 0.324652319099
95 -0.154168863825 0.324636547133
96 -0.236532941733 0.324647532931
97 -0.215871635573 0.324632589577
98 -0.321172879736 0.324520214263
99 -0.26609415059 0.324626337271
100 -0.273519514288 0.324675647989
101 -0.316147372002 0.324701453397
102 -0.263086673897 0.324683506317
103 -0.135807681894 0.324665724741
104 -0.127856743751 0.324436475525
105 -0.29452484576 0.324632652156
106 -0.226836465704 0.324666185216
107 -0.265232122182 0.32468842793
108 -0.293339648861 0.324679591153
109 -0.18735255931 0.324641467699
110 -0.231631916 0.324500221318
111 -0.232803080825 0.324540983113
112 -0.165998754658 0.324611565406
