14 -0.451943058011 0.324553400855
15 -0.330234037886 0.324567372865
16 -0.341576298994 0.324638691402
17 -0.387439585175 0.324638428264
18 -0.328491784766 0.32461794083
19 -0.56396016067 0.324679596662
20 -0.534404692249 0.324713154402
21 -0.428421783071 0.324661589361
22 -0.552880581852 0.324677480728
23 -0.422705189591 0.324679822658
24 -0.401721152608 0.32465356869
25 -0.438734299316 0.32467825403
26 -0.422716200771 0.324684074272
28 -0.261917437318 0.324581587554
29 -0.39500548674 0.324647017786
30 -0.246166596556 0.324621275551
31 -0.323584585892 0.324649901041
32 -0.427627982163 0.324675326978
33 -0.18273948375 0.324356814133
34 -0.391056021726 0.324608424079
35 -0.423605643464 0.324660629804
36 -0.3719034996 0.324667291345
37 -0.48203153651 0.324706438573
38 -0.471150763692 0.324686948369
39 -0.435228263327 0.324430364834
40 -0.410200211003 0.324594365181
41 -0.41997332809 0.324652758074
42 -0.277325180001 0.324637622971
43 -0.390020808143 0.324651573414
44 -0.462886606914 0.324686496032
45 -0.492759205572 0.324699351634
46 -0.41886938188 0.324690275118
47 -0.386505469327 0.324663900321
48 -0.45145886834 0.324682273616
49 -0.491738504097 0.324709669709
50 -0.300948797799 0.324635155225
51 -0.377229823792 0.32431899592
52 -0.437618107954 0.324629998477
53 -0.405161332333 0.324670957029
54 -0.318050227125 0.324659177131
55 -0.394326721235 0.324689215474
56 -0.533040717164 0.324686118334
57 -0.521359904911 0.32464833735
58 -0.424980964489 0.324643516988
59 -0.431907859995 0.324645676024
60 -0.398964130415 0.32463771053
61 -0.436057185296 0.324401301073
62 -0.40004009357 0.324543100808
63 -0.481129881034 0.324639900674
64 -0.315005799034 0.324610330917
65 -0.419113247014 0.324606176541
66 -0.453514398156 0.324653384239
67 -0.601295703747 0.324664078419
68 -0.26440751867 0.324571066548
69 -0.412331831465 0.32459220402
70 -0.290028071626 0.324599029088
71 -0.250973995866 0.324565452417
72 -0.399828812502 0.324623444366
73 -0.312979476439 0.324303494948
74 -0.331427998549 0.324545790546
75 -0.374588293206 0.324604259443
76 0.557673753537 0.323509436436
77 -0.370496551566 0.32460846649
78 -0.39296040367 0.324616351267
79 -0.206628117342 0.32421429475
80 -0.192599085419 0.32452949529
81 -0.31188973887 0.324581174131
82 -0.315391011985 0.324596996876
83 -0.1975978523 0.324582969604
84 -0.348962037643 0.324622583772
85 -0.345026896485 0.324641580227
86 -0.224074640332 0.324305893035
87 -0.294847020409 0.324566884228
88 -0.169702649914 0.324590912348
89 -0.20971322895 0.324616207173
90 -0.357745506825 0.324608211131
91 -0.289827622835 0.324621013016
92 -0.194990401112 0.324587863878
93 -0.21669278565 0.32461388393
94 -0.333264614604 0.324643948024
95 -0.184894592223 0.324621929544
96 -0.335886163697 0.324654684963
97 -0.305070327865 0.324598862227
98 -0.480391859128 0.324453153015
99 -0.374245115567 0.324620384557
100 -0.326342918405 0.324665212658
101 -0.363562617805 0.32468868113
102 -0.392407710775 0.324694885633
103 -0.127604885981 0.324642606397
104 -0.28241948557 0.32434709293
105 -0.37040015494 0.324602686988
106 -0.28655781822 0.324657049642
107 -0.321997502241 0.324681032828
108 -0.321776543625 0.324665608775
109 -0.385203435251 0.324668983477
110 -0.418311029334 0.324425995185
111 -0.339567915148 0.324540975783
112 -0.326307319167 0.324624019057
