14 0.352006647656 0.311724920661
15 0.511982542243 0.311737230461
16 0.419939835146 0.31179457882
17 0.569238131345 0.311731949741
18 0.63733637307 0.311726174327
19 0.399205078836 0.311759208281
20 0.604833095354 0.311749088557
21 0.477885831701 0.311772812323
22 0.435949414243 0.311803554309
23 0.436110804829 0.311828644937
24 0.533652471908 0.311792537544
25 0.588700425476 0.311785668134
26 0.335695973154 0.311860278493
28 0.330660149817 0.311801510382
29 0.45771502274 0.311811070906
30 0.413440323709 0.311833916737
31 0.381078649896 0.311838696669
32 0.481544646839 0.311810263433
33 0.484481481077 0.311471965045
34 0.386021413937 0.311772811577
35 0.454981712098 0.31181926485
36 0.435357996354 0.311815146949
37 0.459311528791 0.311815642344
38 0.375931744238 0.31182643591
39 0.469555166648 0.311495150465
40 0.501797083592 0.311735078762
41 0.539368448477 0.311769064205
42 0.432813940923 0.311809654457
43 0.46887000503 0.311797408678
44 0.432878458898 0.311825128946
45 0.473890652333 0.311805706884
46 0.458659004029 0.311829019354
47 0.360426275531 0.311860525951
48 0.492079962327 0.311828994062
49 0.385701727802 0.311854292022
50 0.413537705859 0.311801422672
51 0.314421242913 0.311398563753
52 0.441905238711 0.311803577037
53 0.422380088591 0.31181439346
54 0.399248166883 0.311829703852
55 0.432308241506 0.3118540202
56 0.538230399343 0.311805920172
57 0.430972908615 0.311754470848
58 0.351860145749 0.311790852713
59 0.494593153642 0.311782247796
60 0.48696484644 0.311783661547
61 0.342359467268 0.311462462738
62 0.435095091454 0.311709581775
63 0.489690942705 0.311772121467
64 0.526276365429 0.311753204476
65 0.574354949306 0.311699979349
66 0.403597316115 0.311789698868
67 0.634915833262 0.311737710742
68 0.331977385793 0.311809640706
69 0.458547177191 0.311762199499
70 0.605655831805 0.311748888222
71 0.466071919688 0.311794179258
72 0.407175002426 0.311819320561
73 0.447088900229 0.311419839328
74 0.328163058837 0.311751843699
75 0.410162981495 0.311789373093
76 0.292330074442 0.311786805259
77 0.418289870824 0.311799105459
78 0.345540433893 0.311808378405
79 -0.327978153531 0.31145396157
80 0.413464503243 0.311751289977
81 0.324200599184 0.311823821249
82 0.413707404365 0.311801491286
83 0.501317802605 0.311786873204
84 0.372395888311 0.311841601356
85 0.37061848403 0.311847854775
86 0.463287281633 0.311428194526
87 0.41425802437 0.311741478901
88 0.433173752095 0.311813901348
89 0.265717320417 0.311880570977
90 0.542799749589 0.311754738555
91 0.443494654751 0.311806790281
92 0.488059222504 0.311804898471
93 0.416460881574 0.311811264844
94 0.422141203232 0.311872339227
95 0.360005825746 0.311874663475
96 0.459832310388 0.31185550162
97 0.434813735526 0.311840306136
98 0.307639851851 0.311585000498
99 0.479861810116 0.31178766684
100 0.462632576225 0.311876952378
101 0.311180475888 0.311921875305
102 0.400066345915 0.311882557182
103 0.356944234915 0.311894979576
104 0.511796469971 0.311412950391
105 0.413101043537 0.311811102544
106 0.461215348017 0.311860590926
107 0.402425743497 0.31188117716
108 0.437804692955 0.3118454029
109 0.547345023754 0.311821420427
110 0.56401592315 0.311461499292
111 0.359080901722 0.311771122386
112 0.35833135992 0.311846872016
