14 0.5060177358 0.31168725808
15 0.644519214084 0.311708646855
16 0.484101827281 0.311791221661
17 0.626687032086 0.311757514322
18 0.601825167909 0.311663120731
19 0.514620767637 0.311765139046
20 0.548107172222 0.311787427281
21 0.595324322939 0.311770445624
22 0.661873059536 0.311742465771
23 0.540506859657 0.311809450621
24 0.57135075295 0.311804093921
25 0.572016718719 0.311808203802
26 0.517256462071 0.311790084464
28 0.576559295656 0.311759848835
29 0.524628121754 0.311819957132
30 0.453664480242 0.311849538501
31 0.578472388486 0.311813113282
32 0.527100163278 0.311824925059
33 0.556615020821 0.311650112733
34 0.500674700038 0.311784955225
35 0.595463868165 0.31179414297
36 0.483452113571 0.311824785951
37 0.585416839692 0.311796650723
38 0.561884162223 0.311806081038
39 0.469555166648 0.311495150465
40 0.547590586475 0.311770891697
41 0.548769269753 0.311798024263
42 0.566474930946 0.311690175712
43 0.560523416913 0.311802402515
44 0.516976441232 0.311821727499
45 0.551518395428 0.311804683975
46 0.472389510716 0.311834959727
47 0.53342417545 0.311844024966
48 0.56903774149 0.31183059665
49 0.569809880885 0.311820911634
50 0.455382672918 0.31181684953
51 0.43842944098 0.311640751057
52 0.465877853917 0.311816227439
53 0.51009026391 0.311818493695
54 0.504961587197 0.311837886559
55 0.492486255689 0.311850261323
56 0.521313697721 0.31182257033
57 0.547909663081 0.311741869568
58 0.520932096807 0.311778585141
59 0.511873883484 0.311794670717
60 0.546258272189 0.311789675188
61 0.567691748117 0.31155989299
62 0.562881754902 0.311699215987
63 0.519731354256 0.311775373444
64 0.62457601697 0.311629333684
65 0.662913180861 0.31170096235
66 0.551741998331 0.311779182362
67 0.583498301954 0.311777505407
68 0.447721682003 0.311803989581
69 0.498517647211 0.311801649968
70 0.780949548738 0.311732042148
71 0.543565519578 0.311780840019
72 0.400652495127 0.311826876939
73 0.534466031444 0.311603544372
74 0.476674271105 0.311748507875
75 0.494307823477 0.311782726814
76 0.506258236474 0.311689689914
77 0.45918960009 0.311818537336
78 0.470141951959 0.311809402335
79 0.496353597653 0.311413226669
80 0.501674170953 0.311754951063
81 0.471990439541 0.311830492367
82 0.469630687488 0.311827916105
83 0.501203335439 0.311810005937
84 0.448050830916 0.311852564167
85 0.491368211367 0.311833529352
86 0.572921539239 0.31162608516
87 0.488036138559 0.311766131508
88 0.505702650358 0.311819564729
89 0.490798887321 0.311715743414
90 0.503081120161 0.311783815948
91 0.491585413105 0.311834953028
92 0.378783937153 0.311839762991
93 0.481795545374 0.311838015273
94 0.459968100289 0.311874843208
95 0.401008755754 0.311899632195
96 0.424992916307 0.311878048896
97 0.428290621733 0.311871252003
98 0.443411865255 0.31170276046
99 0.512556390868 0.311823560641
100 0.457177850865 0.311882948009
101 0.442757341368 0.311890575947
102 0.487281500226 0.311888233667
103 0.486033373226 0.311892204445
104 0.646014608725 0.31154353742
105 0.456290275827 0.311842028383
106 0.534802581758 0.311868859385
107 0.498460009546 0.311875978372
108 0.534416120208 0.311847177524
109 0.563865957722 0.311825008508
110 0.624391796626 0.311638728449
111 0.569590645688 0.311721324514
112 0.441711344225 0.311842900495
