14 0.553497320727 0.334331029093
15 0.414033206103 0.334427875245
16 0.245141718697 0.334519238673
17 0.510853672188 0.334419155039
18 0.505145111559 0.334414272081
19 0.274730990956 0.334487359928
20 0.300339911333 0.334482924579
21 0.198088443991 0.334532451599
22 0.497957740932 0.334452213304
23 0.200730729733 0.334543468617
24 0.208676483865 0.334524031106
25 0.229799361919 0.33450764245
26 0.427848686198 0.33446714719
28 0.236046274531 0.334461857792
29 0.249440663273 0.334518578806
30 0.265193306193 0.334538653879
31 0.587133408997 0.334446525024
32 0.319822842299 0.334516923238
33 0.445670855471 0.334171556123
34 0.494979867202 0.33439958455
35 0.378279725434 0.334504919108
36 0.194009976132 0.334556524604
37 0.518870145313 0.334491135665
38 0.400666328799 0.334504938122
39 0.212841122522 0.334270667335
40 0.505991428703 0.334423646402
41 0.297538136846 0.334507011724
42 0.373390582441 0.334502638825
43 0.216389547194 0.334543595539
44 0.250798080981 0.334529757212
45 0.311905641764 0.33453216013
46 0.317944175235 0.334526238986
47 0.342214844552 0.33455438813
48 0.467407967975 0.334500676739
49 0.343182018764 0.334489860798
50 0.368535627343 0.334490075773
51 0.28194354133 0.334077307188
52 0.477415209992 0.334470580119
53 0.427579162582 0.334482048372
54 0.291167516529 0.334512332415
55 0.207091276585 0.334545729124
56 0.449519143609 0.334475817994
57 0.354421540999 0.334450097914
58 0.370518463357 0.334460408336
59 0.324738993343 0.334456346111
60 0.348785471053 0.334474828682
61 0.383067791296 0.334131410613
62 0.474468257808 0.334338759469
63 0.325277244223 0.334491241245
64 0.565628770111 0.334379880694
65 0.494148920395 0.334395894217
66 0.332300787496 0.334466013583
67 0.293227847816 0.334478695229
68 0.418874712354 0.334465474872
69 0.318627024619 0.334461491635
70 0.665895406393 0.334428666562
71 0.467740330473 0.33445672928
72 0.470961376861 0.334453371646
73 0.434058192816 0.334087829909
74 0.519469367495 0.334390393827
75 0.349428773725 0.334470653132
76 -1.63406096735 0.336137932688
77 0.409383565346 0.334488768636
78 0.455132460614 0.334476068576
79 0.730709051395 0.333677121425
80 0.378247727474 0.334443387542
81 0.43584954102 0.334492987767
82 0.246355046974 0.33455175058
83 0.378603644948 0.334531601397
84 0.507234651841 0.334488040847
85 0.414334790427 0.334509744407
86 0.179134451127 0.334207578707
87 0.283213771581 0.334486895702
88 0.346388690964 0.334528433347
89 0.429161009592 0.33455047904
90 0.245230271681 0.334504272076
91 0.361239014778 0.334536156186
92 0.463169329012 0.334511500845
93 0.449915621313 0.334501197834
94 0.40989014583 0.334558571818
95 0.495940908315 0.33453827459
96 0.427861778361 0.334551355514
97 0.457742819066 0.334525646614
98 0.427225335356 0.334265043589
99 0.439180637465 0.334493921161
100 0.389655047941 0.334578662336
101 0.425692584231 0.334593072701
102 0.440476158386 0.334570160077
103 0.374226271261 0.334590116438
104 0.124075755352 0.334207649548
105 0.418851182872 0.334489994316
106 0.598895372679 0.334503254067
107 0.263167911859 0.334621578805
108 0.441510828639 0.334563688322
109 0.393616662614 0.33457595621
110 0.328032521642 0.334208243483
111 0.370562084789 0.334455824303
112 0.375623927436 0.334514833919
