14 0.478817908458 0.33435406714
15 0.491964778745 0.334426506749
16 0.501389164839 0.334464870277
17 0.507283275761 0.334466320878
18 0.542480628852 0.334352343817
19 0.445470090857 0.334471427445
20 0.481624459914 0.334482506252
21 0.440881342666 0.334499969436
22 0.581011910957 0.334449924189
23 0.427780525135 0.334509836164
24 0.468464993587 0.334492357987
25 0.419800315918 0.334492692149
26 0.507299674958 0.33444362987
28 0.593612237315 0.334412010217
29 0.426610421231 0.334500117073
30 0.49597004025 0.334493414809
31 0.535476382723 0.33450271416
32 0.464783758921 0.334512593996
33 0.482713149506 0.334338087526
34 0.504858014865 0.334450611339
35 0.497864419421 0.334491576723
36 0.439051897412 0.334513959047
37 0.442687333691 0.334522003009
38 0.476796190275 0.334507858087
39 0.476796190275 0.334507858087
40 0.472738960111 0.334457243766
41 0.488056808768 0.334501086633
42 0.449270550284 0.334399542207
43 0.393605988049 0.334518046168
44 0.487746074159 0.334494043663
45 0.433718021575 0.334523185515
46 0.462386155572 0.334513199227
47 0.456410105846 0.334536988104
48 0.53428001356 0.334492489887
49 0.524307461942 0.334472230255
50 0.464609678494 0.334489923823
51 0.573839842249 0.334273408238
52 0.497333796905 0.334479837434
53 0.448440173365 0.334519702553
54 0.443700090396 0.334511303881
55 0.437455259195 0.334512605173
56 0.468071084568 0.334497827805
57 0.489421748618 0.334437134926
58 0.479121344566 0.334450084802
59 0.442185583979 0.334465923079
60 0.510743191418 0.334445399581
61 0.549064769797 0.334234599672
62 0.564395044166 0.33436228905
63 0.446209091692 0.334457142683
64 0.556623184429 0.334310298588
65 0.526485329627 0.334402107081
66 0.477367783161 0.334470490349
67 0.477367783161 0.334470490349
68 0.661080396874 0.33442905287
69 0.526529675589 0.334463977016
70 0.630268192098 0.334458194156
71 0.597430565589 0.334444666854
72 0.493595004478 0.334464420457
73 0.655505805912 0.334229682487
74 0.556196240855 0.334414368048
75 0.590298585909 0.334446016261
76 0.560895719091 0.334450151001
77 0.563605138389 0.334488910051
78 0.604042790169 0.334459214918
79 0.707145706603 0.334056584137
80 0.497287785844 0.3344392008
81 0.549588422348 0.334490321874
82 0.609482857314 0.334495353544
83 0.631137395146 0.334474049566
84 0.549333928624 0.334504794056
85 0.504019417086 0.334516744885
86 0.52513196826 0.33432471669
87 0.474710917635 0.334476908293
88 0.537447207475 0.334520544739
89 0.598729382592 0.334396878057
90 0.603098691605 0.334452510466
91 0.597268604541 0.334507682163
92 0.572113524853 0.334496796278
93 0.573920849763 0.334509287645
94 0.533460437342 0.334551984088
95 0.587800245106 0.334541102545
96 0.538489831115 0.334542823942
97 0.618440964401 0.334522131849
98 0.582127544391 0.334353343648
99 0.582420193852 0.334497155335
100 0.582420193852 0.334497155335
101 0.528816669 0.334575458332
102 0.563711383073 0.334564697758
103 0.560989013374 0.334570858928
104 0.39173944088 0.334314672858
105 0.455351313973 0.334526454296
106 0.625335292996 0.334528404202
107 0.585840052259 0.33455699459
108 0.566873947863 0.334545028243
109 0.553842889114 0.334531603776
110 0.480089424642 0.334368002237
111 0.548070092089 0.334423132876
112 0.481850364414 0.334522526278
