14 0.265810218081 0.33274564536
15 0.267713232378 0.332807274646
16 0.226115048231 0.33284656702
17 0.177775266726 0.332863129763
18 0.238415849872 0.332753784766
19 0.197522152774 0.332856435291
20 0.125059493168 0.332905140176
21 0.137633045996 0.332899529185
22 0.451992117191 0.332811709677
23 0.113460880224 0.332913241737
24 0.109612150167 0.33290555152
25 0.214651805955 0.332854090275
26 0.109159690615 0.332876417188
28 0.108976714543 0.332864494714
29 0.0973257220492 0.332911493091
30 0.158167527076 0.332925677856
31 0.180242745682 0.33291560661
32 0.138073064963 0.332933399603
33 0.129241520805 0.332766323857
34 0.148630050902 0.332885300049
35 0.108695087111 0.332904554428
36 0.118406423957 0.33292246054
37 0.111634694482 0.332927922639
38 0.213373020752 0.332877672909
39 0.0348638960433 0.332611383641
40 0.197556492407 0.332843744188
41 0.241863575398 0.332876240728
42 0.190319760049 0.332767770635
43 0.205519818533 0.332882072708
44 0.226186064689 0.332900423174
45 0.15299605713 0.332924306344
46 0.26291488706 0.332889207196
47 0.11741415689 0.332923413726
48 0.180952267036 0.332918493139
49 0.127873497388 0.332910647135
50 0.151914176419 0.332880734155
51 0.12939164365 0.332719949224
52 0.173143871301 0.332885702468
53 0.151017679583 0.332904978709
54 0.218631990541 0.332887393235
55 0.14575963315 0.332915209235
56 0.194226348805 0.332867993092
57 0.213373486291 0.332824050488
58 0.126896156678 0.332849343391
59 0.113270584277 0.3328689389
60 0.154690904586 0.332865265504
61 0.0981592289748 0.332676355395
62 0.223576091566 0.332783939849
63 0.094101698367 0.332867786
64 0.216431787313 0.332716837825
65 0.225631528401 0.332796448837
66 0.163144195844 0.332858572809
67 0.22698133235 0.332834749263
68 0.272977056522 0.332776546002
69 0.27720253153 0.332770094178
70 0.282614349592 0.332791437416
71 0.282614349592 0.332791437416
72 0.314014875832 0.332768480236
73 0.308353165949 0.332568921689
74 0.383002123784 0.332690138224
75 0.249771032461 0.332775458468
76 0.262909543928 0.33274831197
77 0.323345663867 0.332776602231
78 0.324439268637 0.332774909362
79 0.245546552298 0.332444348493
80 0.246739201086 0.3327346787
81 0.348998789144 0.332775292875
82 0.307758829303 0.33279672276
83 0.294873617716 0.332795811868
84 0.2526886967 0.332825895207
85 0.235385471687 0.332834057423
86 0.187960330525 0.332660569449
87 0.246638789313 0.332771849397
88 0.2636554945 0.332821149666
89 0.324012483747 0.332681824119
90 0.349946480604 0.332757365787
91 0.335519466634 0.332792949835
92 0.372361237927 0.332800370784
93 0.279754435037 0.332833392259
94 0.301260307895 0.332829330782
95 0.307099156917 0.33283312104
96 0.327549575295 0.332828390806
97 0.336012531733 0.332822965049
98 0.304376055866 0.3326773942
99 0.306932116887 0.332807754823
100 0.336530828163 0.332847586367
101 0.327362014794 0.332866046523
102 0.311002444553 0.332867808024
103 0.348432710149 0.332863859238
104 0.299812742093 0.332580936166
105 0.122924619159 0.332908639964
106 0.0810984321561 0.332956725874
107 0.175617421959 0.332938347137
108 0.081451694065 0.33295633399
109 0.0519321961243 0.332952221761
110 0.134395251462 0.332762815983
111 0.0449550849703 0.332859385986
112 0.194729996668 0.332904440681
