14 0.220612340493 0.332731399334
15 0.199184777746 0.332801660588
16 0.0650234657483 0.332873822706
17 0.145498556038 0.332827486298
18 0.256438024977 0.332824088327
19 0.0641469746617 0.332878534818
20 0.0157327882933 0.332905754107
21 0.204580524962 0.332836856905
22 0.488906201272 0.332817273094
23 0.0642350297987 0.332907818503
24 -0.0494513545137 0.332916202608
25 0.0689458630446 0.332876101084
26 -0.0593041736718 0.332933073777
28 0.0259305771466 0.332856460007
29 -0.0264663626521 0.332929951341
30 0.140451747429 0.332903435435
31 0.150038716331 0.332898594486
32 0.0761258225334 0.332922250112
33 0.111575745726 0.332594892515
34 0.0895035673082 0.332866581385
35 0.103125310503 0.332881347161
36 0.0326875826945 0.332929952718
37 -0.00895836262426 0.33295776548
38 0.0556729337552 0.332905661211
39 0.0348638960433 0.332611383641
40 0.162415200551 0.332813865264
41 -0.0059801951665 0.33290145699
42 0.0267710393001 0.332907920399
43 0.109290806096 0.332886793955
44 0.113456737497 0.33289893743
45 0.149543520297 0.332906666675
46 0.174490487864 0.332901804593
47 -0.00536430930552 0.332937890252
48 0.101931931751 0.332895928683
49 0.0368236821462 0.332923284465
50 -0.0259191471843 0.332903542147
51 0.0725453063399 0.332460741987
52 0.0154574769648 0.332897868499
53 0.0280288742392 0.332908230637
54 0.109836745493 0.332899439054
55 0.100566689522 0.332905765597
56 0.136156724169 0.332854162645
57 0.0186604661477 0.332846237893
58 -0.115572801224 0.332884366711
59 0.0622052415176 0.332846542027
60 0.0740126576482 0.332866996885
61 0.103665840632 0.332537128276
62 0.137170472484 0.332764363337
63 0.0855453961938 0.332860462718
64 0.137369681184 0.332828397326
65 0.16278221063 0.33280170267
66 0.0204134021643 0.332875186246
67 0.123419141399 0.33283937019
68 0.0190463198486 0.332809007656
69 -0.0181928265323 0.332815986983
70 0.116691555497 0.332800969849
71 0.213328131431 0.332801303992
72 0.156030958552 0.332798991564
73 0.0638703608374 0.332432622054
74 0.255270370529 0.332680734196
75 0.187701426069 0.33277215946
76 3.75978662017 0.331026925491
77 0.204498834896 0.33277271844
78 0.208414682166 0.332780389939
79 -0.048317335982 0.3323842258
80 0.174947353274 0.332733264062
81 0.337447191182 0.332740436116
82 0.186152854853 0.332770022909
83 0.144596565077 0.332819231897
84 0.165543682057 0.332833932843
85 0.113442265813 0.332852263675
86 0.0323782724575 0.332502936262
87 0.173772607118 0.332738595052
88 0.16707745188 0.33280642443
89 0.0124322630252 0.332868882508
90 0.222915949017 0.332751909983
91 0.205511700043 0.33278895389
92 0.33682079067 0.332800835276
93 0.223154990892 0.332824794121
94 0.231784726269 0.332835188424
95 0.160880850548 0.332826375496
96 0.26575707589 0.332812753176
97 0.193862852736 0.332825445703
98 0.185940167429 0.332576823213
99 0.194254677707 0.332808887341
100 0.278056387921 0.332852357894
101 0.30883620116 0.33287327931
102 0.187633568231 0.332898261282
103 0.259542080129 0.332880791186
104 0.275838168775 0.332423758448
105 -0.0133954102395 0.332903127943
106 -0.0342696243623 0.332967034071
107 0.0811197427553 0.332952762615
108 0.016055370682 0.332946740303
109 -0.120990131324 0.332999634687
110 -0.0630124027063 0.332649679163
111 -0.302046726872 0.332942576172
112 0.0685805361384 0.332904641785
