0 4.85896539902 0.481451149736 1.30144700768e-05
1 4.85896539902 0.481451149736 1.30144700768e-05
2 1.15237327753 0.485010508872 9.9622012367e-06
3 3.40817237767 0.486166987117 1.15551291672e-05
4 1.0019440996 0.498071266059 9.01128296572e-06
5 -0.652593774109 0.478600079475 1.14565043892e-05
6 -0.652593774109 0.478600079475 1.14565043892e-05
7 1.23102459804 0.487884765217 1.0144825901e-05
8 2.75744793463 0.509127192274 1.83827258053e-06
9 3.78648986893 0.503560272338 9.59619690702e-06
10 5.85887068659 0.488852534183 7.22395418677e-06
11 3.47633979397 0.459141761191 5.04953697096e-06
